Day: 02
day 02 part 1: 269
dampened 1: [66, 68, 69, 71, 71, 72, 69]
dampened 2: [66, 68, 69, 71, 72, 72, 69]
dir: -2, dif: 1, i: 5, levels: [66, 68, 69, 71, 72, 71, 72, 69]
dampened 1: [2, 3, 4, 4]
dampened 2: [2, 3, 5, 4]
dir: -1, dif: 1, i: 3, levels: [2, 3, 5, 4, 4]
dampened 1: [77, 77, 79, 82, 83, 86, 90]
dampened 2: [77, 78, 79, 82, 83, 86, 90]
dir: -1, dif: 1, i: 2, levels: [77, 78, 77, 79, 82, 83, 86, 90]
dampened 1: [6, 9, 7, 9, 12, 17]
dampened 2: [6, 9, 10, 9, 12, 17]
dir: -3, dif: 3, i: 3, levels: [6, 9, 10, 7, 9, 12, 17]
dampened 1: [61, 63, 66, 68, 66]
dampened 2: [61, 63, 66, 68, 66]
dir: -2, dif: 0, i: 4, levels: [61, 63, 66, 68, 68, 66]
dampened 1: [51, 54, 57, 60, 60]
dampened 2: [51, 54, 57, 60, 60]
dir: -3, dif: 0, i: 2, levels: [51, 54, 54, 57, 60, 60]
dampened 1: [50, 52, 53, 56, 60]
dampened 2: [50, 52, 53, 56, 60]
dir: -2, dif: 0, i: 2, levels: [50, 52, 52, 53, 56, 60]
dampened 1: [73, 75, 76, 83]
dampened 2: [73, 75, 76, 83]
dir: -2, dif: 0, i: 3, levels: [73, 75, 76, 76, 83]
dampened 1: [19, 24, 26, 28]
dampened 2: [19, 20, 26, 28]
dir: -1, dif: -4, i: 2, levels: [19, 20, 24, 26, 28]
dampened 1: [56, 63, 64, 64]
dampened 2: [56, 59, 64, 64]
dir: -3, dif: -4, i: 2, levels: [56, 59, 63, 64, 64]
dampened 1: [26, 29, 36, 40]
dampened 2: [26, 29, 32, 40]
dir: -3, dif: -4, i: 3, levels: [26, 29, 32, 36, 40]
dampened 1: [70, 72, 74, 75, 77, 84, 89]
dampened 2: [70, 72, 74, 75, 77, 80, 89]
dir: -2, dif: -4, i: 6, levels: [70, 72, 74, 75, 77, 80, 84, 89]
dampened 1: [81, 88, 89, 92, 95, 96]
dampened 2: [81, 83, 89, 92, 95, 96]
dir: -2, dif: -5, i: 2, levels: [81, 83, 88, 89, 92, 95, 96]
dampened 1: [79, 85, 87, 89, 92, 93, 90]
dampened 2: [79, 80, 87, 89, 92, 93, 90]
dir: -1, dif: -5, i: 2, levels: [79, 80, 85, 87, 89, 92, 93, 90]
dampened 1: [77, 85, 87, 89, 92, 92]
dampened 2: [77, 80, 87, 89, 92, 92]
dir: -3, dif: -5, i: 2, levels: [77, 80, 85, 87, 89, 92, 92]
dampened 1: [29, 31, 38, 40, 42, 46]
dampened 2: [29, 31, 33, 40, 42, 46]
dir: -2, dif: -5, i: 3, levels: [29, 31, 33, 38, 40, 42, 46]
dampened 1: [49, 57, 58, 59, 65]
dampened 2: [49, 52, 58, 59, 65]
dir: -3, dif: -5, i: 2, levels: [49, 52, 57, 58, 59, 65]
dampened 1: [14, 14, 17, 18, 19]
dampened 2: [14, 11, 17, 18, 19]
dir: 3, dif: -3, i: 2, levels: [14, 11, 14, 17, 18, 19]
dampened 1: [43, 41, 44, 47, 50, 51, 50]
dampened 2: [43, 40, 44, 47, 50, 51, 50]
dir: 3, dif: -1, i: 2, levels: [43, 40, 41, 44, 47, 50, 51, 50]
dampened 1: [31, 32, 35, 35]
dampened 2: [31, 30, 35, 35]
dir: 1, dif: -2, i: 2, levels: [31, 30, 32, 35, 35]
dampened 1: [43, 42, 43, 46, 49, 51, 55]
dampened 2: [43, 40, 43, 46, 49, 51, 55]
dir: 3, dif: -2, i: 2, levels: [43, 40, 42, 43, 46, 49, 51, 55]
dampened 1: [9, 9, 12, 15, 17, 18, 23]
dampened 2: [9, 7, 12, 15, 17, 18, 23]
dir: 2, dif: -2, i: 2, levels: [9, 7, 9, 12, 15, 17, 18, 23]
dampened 1: [74, 74, 71, 73, 76, 79, 80]
dampened 2: [74, 71, 71, 73, 76, 79, 80]
dir: 3, dif: -3, i: 2, levels: [74, 71, 74, 71, 73, 76, 79, 80]
dampened 1: [50, 50, 49, 52, 50]
dampened 2: [50, 49, 49, 52, 50]
dir: 1, dif: -1, i: 2, levels: [50, 49, 50, 49, 52, 50]
dampened 1: [51, 51, 49, 49]
dampened 2: [51, 48, 49, 49]
dir: 3, dif: -3, i: 2, levels: [51, 48, 51, 49, 49]
dampened 1: [23, 23, 25, 22, 26]
dampened 2: [23, 22, 25, 22, 26]
dir: 1, dif: -1, i: 2, levels: [23, 22, 23, 25, 22, 26]
dampened 1: [45, 44, 47, 45, 50]
dampened 2: [45, 43, 47, 45, 50]
dir: 2, dif: -1, i: 2, levels: [45, 43, 44, 47, 45, 50]
dampened 1: [42, 41, 43, 43, 45, 48]
dampened 2: [42, 39, 43, 43, 45, 48]
dir: 3, dif: -2, i: 2, levels: [42, 39, 41, 43, 43, 45, 48]
dampened 1: [97, 96, 98, 98, 99, 97]
dampened 2: [97, 94, 98, 98, 99, 97]
dir: 3, dif: -2, i: 2, levels: [97, 94, 96, 98, 98, 99, 97]
dampened 1: [48, 50, 51, 54, 55, 55, 55]
dampened 2: [48, 47, 51, 54, 55, 55, 55]
dir: 1, dif: -3, i: 2, levels: [48, 47, 50, 51, 54, 55, 55, 55]
dampened 1: [33, 31, 31, 33, 37]
dampened 2: [33, 30, 31, 33, 37]
dir: 3, dif: -1, i: 2, levels: [33, 30, 31, 31, 33, 37]
dampened 1: [17, 17, 19, 19, 24]
dampened 2: [17, 14, 19, 19, 24]
dir: 3, dif: -3, i: 2, levels: [17, 14, 17, 19, 19, 24]
dampened 1: [41, 41, 43, 45, 47, 51, 52]
dampened 2: [41, 40, 43, 45, 47, 51, 52]
dir: 1, dif: -1, i: 2, levels: [41, 40, 41, 43, 45, 47, 51, 52]
dampened 1: [65, 64, 67, 71, 70]
dampened 2: [65, 62, 67, 71, 70]
dir: 3, dif: -2, i: 2, levels: [65, 62, 64, 67, 71, 70]
dampened 1: [77, 80, 81, 84, 85, 86, 86]
dampened 2: [77, 76, 81, 84, 85, 86, 86]
dir: 1, dif: -4, i: 2, levels: [77, 76, 80, 81, 84, 85, 86, 86]
dampened 1: [18, 20, 22, 26]
dampened 2: [18, 16, 22, 26]
dir: 2, dif: -4, i: 2, levels: [18, 16, 20, 22, 26]
dampened 1: [58, 59, 63, 64, 65, 67, 72]
dampened 2: [58, 56, 63, 64, 65, 67, 72]
dir: 2, dif: -3, i: 2, levels: [58, 56, 59, 63, 64, 65, 67, 72]
dampened 1: [18, 22, 24, 26]
dampened 2: [18, 17, 24, 26]
dir: 1, dif: -5, i: 2, levels: [18, 17, 22, 24, 26]
dampened 1: [27, 28, 29, 30, 36, 39, 36]
dampened 2: [27, 25, 29, 30, 36, 39, 36]
dir: 2, dif: -3, i: 2, levels: [27, 25, 28, 29, 30, 36, 39, 36]
dampened 1: [53, 58, 60, 60]
dampened 2: [53, 52, 60, 60]
dir: 1, dif: -6, i: 2, levels: [53, 52, 58, 60, 60]
dampened 1: [41, 45, 47, 49, 53]
dampened 2: [41, 40, 47, 49, 53]
dir: 1, dif: -5, i: 2, levels: [41, 40, 45, 47, 49, 53]
dampened 1: [49, 47, 49, 50, 57, 60, 66]
dampened 2: [49, 46, 49, 50, 57, 60, 66]
dir: 3, dif: -1, i: 2, levels: [49, 46, 47, 49, 50, 57, 60, 66]
dampened 1: [79, 80, 81, 83, 84, 81]
dampened 2: [79, 80, 81, 83, 84, 81]
dir: 0, dif: 0, i: 1, levels: [79, 79, 80, 81, 83, 84, 81]
dampened 1: [68, 70, 71, 71]
dampened 2: [68, 70, 71, 71]
dir: 0, dif: 0, i: 1, levels: [68, 68, 70, 71, 71]
dampened 1: [15, 17, 18, 19, 20, 21, 25]
dampened 2: [15, 17, 18, 19, 20, 21, 25]
dir: 0, dif: 0, i: 1, levels: [15, 15, 17, 18, 19, 20, 21, 25]
dampened 1: [58, 59, 62, 64, 66, 71]
dampened 2: [58, 59, 62, 64, 66, 71]
dir: 0, dif: 0, i: 1, levels: [58, 58, 59, 62, 64, 66, 71]
dampened 1: [67, 70, 72, 73, 71, 72, 75]
dampened 2: [67, 70, 72, 73, 71, 72, 75]
dir: 0, dif: 0, i: 1, levels: [67, 67, 70, 72, 73, 71, 72, 75]
dampened 1: [83, 81, 83, 80]
dampened 2: [83, 81, 83, 80]
dir: 0, dif: 0, i: 1, levels: [83, 83, 81, 83, 80]
dampened 1: [93, 95, 97, 94, 94]
dampened 2: [93, 95, 97, 94, 94]
dir: 0, dif: 0, i: 1, levels: [93, 93, 95, 97, 94, 94]
dampened 1: [5, 8, 7, 9, 11, 15]
dampened 2: [5, 8, 7, 9, 11, 15]
dir: 0, dif: 0, i: 1, levels: [5, 5, 8, 7, 9, 11, 15]
dampened 1: [8, 11, 8, 15]
dampened 2: [8, 11, 8, 15]
dir: 0, dif: 0, i: 1, levels: [8, 8, 11, 8, 15]
dampened 1: [59, 62, 62, 65]
dampened 2: [59, 62, 62, 65]
dir: 0, dif: 0, i: 1, levels: [59, 59, 62, 62, 65]
dampened 1: [9, 10, 10, 13, 16, 15]
dampened 2: [9, 10, 10, 13, 16, 15]
dir: 0, dif: 0, i: 1, levels: [9, 9, 10, 10, 13, 16, 15]
dampened 1: [72, 75, 76, 76, 79, 79]
dampened 2: [72, 75, 76, 76, 79, 79]
dir: 0, dif: 0, i: 1, levels: [72, 72, 75, 76, 76, 79, 79]
dampened 1: [6, 6, 7, 9, 13]
dampened 2: [6, 6, 7, 9, 13]
dir: 0, dif: 0, i: 1, levels: [6, 6, 6, 7, 9, 13]
dampened 1: [27, 29, 29, 35]
dampened 2: [27, 29, 29, 35]
dir: 0, dif: 0, i: 1, levels: [27, 27, 29, 29, 35]
dampened 1: [40, 44, 47, 49, 52]
dampened 2: [40, 44, 47, 49, 52]
dir: 0, dif: 0, i: 1, levels: [40, 40, 44, 47, 49, 52]
dampened 1: [85, 87, 88, 90, 94, 92]
dampened 2: [85, 87, 88, 90, 94, 92]
dir: 0, dif: 0, i: 1, levels: [85, 85, 87, 88, 90, 94, 92]
dampened 1: [55, 59, 60, 60]
dampened 2: [55, 59, 60, 60]
dir: 0, dif: 0, i: 1, levels: [55, 55, 59, 60, 60]
dampened 1: [36, 40, 41, 42, 46]
dampened 2: [36, 40, 41, 42, 46]
dir: 0, dif: 0, i: 1, levels: [36, 36, 40, 41, 42, 46]
dampened 1: [62, 66, 68, 70, 75]
dampened 2: [62, 66, 68, 70, 75]
dir: 0, dif: 0, i: 1, levels: [62, 62, 66, 68, 70, 75]
dampened 1: [44, 45, 46, 47, 52, 55]
dampened 2: [44, 45, 46, 47, 52, 55]
dir: 0, dif: 0, i: 1, levels: [44, 44, 45, 46, 47, 52, 55]
dampened 1: [85, 88, 95, 93]
dampened 2: [85, 88, 95, 93]
dir: 0, dif: 0, i: 1, levels: [85, 85, 88, 95, 93]
dampened 1: [33, 35, 36, 39, 44, 44]
dampened 2: [33, 35, 36, 39, 44, 44]
dir: 0, dif: 0, i: 1, levels: [33, 33, 35, 36, 39, 44, 44]
dampened 1: [18, 19, 21, 28, 29, 31, 35]
dampened 2: [18, 19, 21, 28, 29, 31, 35]
dir: 0, dif: 0, i: 1, levels: [18, 18, 19, 21, 28, 29, 31, 35]
dampened 1: [58, 60, 62, 69, 74]
dampened 2: [58, 60, 62, 69, 74]
dir: 0, dif: 0, i: 1, levels: [58, 58, 60, 62, 69, 74]
dampened 1: [24, 27, 28, 29, 30, 29]
dampened 2: [20, 27, 28, 29, 30, 29]
dir: -4, dif: -4, i: 1, levels: [20, 24, 27, 28, 29, 30, 29]
dampened 1: [48, 49, 52, 54, 57, 57]
dampened 2: [44, 49, 52, 54, 57, 57]
dir: -4, dif: -4, i: 1, levels: [44, 48, 49, 52, 54, 57, 57]
dampened 1: [45, 48, 50, 54]
dampened 2: [41, 48, 50, 54]
dir: -4, dif: -4, i: 1, levels: [41, 45, 48, 50, 54]
dampened 1: [12, 15, 17, 20, 27]
dampened 2: [8, 15, 17, 20, 27]
dir: -4, dif: -4, i: 1, levels: [8, 12, 15, 17, 20, 27]
dampened 1: [82, 81, 84, 83]
dampened 2: [78, 81, 84, 83]
dir: -4, dif: -4, i: 1, levels: [78, 82, 81, 84, 83]
dampened 1: [12, 9, 12, 15, 18, 18]
dampened 2: [8, 9, 12, 15, 18, 18]
dir: -4, dif: -4, i: 1, levels: [8, 12, 9, 12, 15, 18, 18]
dampened 1: [60, 63, 61, 62, 66]
dampened 2: [56, 63, 61, 62, 66]
dir: -4, dif: -4, i: 1, levels: [56, 60, 63, 61, 62, 66]
dampened 1: [6, 8, 7, 10, 13, 20]
dampened 2: [2, 8, 7, 10, 13, 20]
dir: -4, dif: -4, i: 1, levels: [2, 6, 8, 7, 10, 13, 20]
dampened 1: [12, 12, 14, 17, 18]
dampened 2: [8, 12, 14, 17, 18]
dir: -4, dif: -4, i: 1, levels: [8, 12, 12, 14, 17, 18]
dampened 1: [56, 58, 59, 59, 57]
dampened 2: [52, 58, 59, 59, 57]
dir: -4, dif: -4, i: 1, levels: [52, 56, 58, 59, 59, 57]
dampened 1: [77, 79, 82, 82, 83, 83]
dampened 2: [73, 79, 82, 82, 83, 83]
dir: -4, dif: -4, i: 1, levels: [73, 77, 79, 82, 82, 83, 83]
dampened 1: [62, 63, 63, 67]
dampened 2: [58, 63, 63, 67]
dir: -4, dif: -4, i: 1, levels: [58, 62, 63, 63, 67]
dampened 1: [48, 48, 51, 54, 61]
dampened 2: [44, 48, 51, 54, 61]
dir: -4, dif: -4, i: 1, levels: [44, 48, 48, 51, 54, 61]
dampened 1: [67, 68, 71, 73, 77, 80, 82]
dampened 2: [63, 68, 71, 73, 77, 80, 82]
dir: -4, dif: -4, i: 1, levels: [63, 67, 68, 71, 73, 77, 80, 82]
dampened 1: [69, 71, 75, 74]
dampened 2: [65, 71, 75, 74]
dir: -4, dif: -4, i: 1, levels: [65, 69, 71, 75, 74]
dampened 1: [88, 90, 93, 97, 97]
dampened 2: [84, 90, 93, 97, 97]
dir: -4, dif: -4, i: 1, levels: [84, 88, 90, 93, 97, 97]
dampened 1: [66, 70, 73, 77]
dampened 2: [62, 70, 73, 77]
dir: -4, dif: -4, i: 1, levels: [62, 66, 70, 73, 77]
dampened 1: [30, 34, 37, 39, 45]
dampened 2: [26, 34, 37, 39, 45]
dir: -4, dif: -4, i: 1, levels: [26, 30, 34, 37, 39, 45]
dampened 1: [35, 38, 41, 43, 49, 51, 54]
dampened 2: [31, 38, 41, 43, 49, 51, 54]
dir: -4, dif: -4, i: 1, levels: [31, 35, 38, 41, 43, 49, 51, 54]
dampened 1: [7, 13, 16, 17, 20, 23, 21]
dampened 2: [3, 13, 16, 17, 20, 23, 21]
dir: -4, dif: -4, i: 1, levels: [3, 7, 13, 16, 17, 20, 23, 21]
dampened 1: [46, 49, 55, 55]
dampened 2: [42, 49, 55, 55]
dir: -4, dif: -4, i: 1, levels: [42, 46, 49, 55, 55]
dampened 1: [75, 78, 84, 88]
dampened 2: [71, 78, 84, 88]
dir: -4, dif: -4, i: 1, levels: [71, 75, 78, 84, 88]
dampened 1: [57, 60, 62, 69, 71, 77]
dampened 2: [53, 60, 62, 69, 71, 77]
dir: -4, dif: -4, i: 1, levels: [53, 57, 60, 62, 69, 71, 77]
dampened 1: [53, 55, 56, 55]
dampened 2: [46, 55, 56, 55]
dir: -7, dif: -7, i: 1, levels: [46, 53, 55, 56, 55]
dampened 1: [11, 12, 14, 14]
dampened 2: [6, 12, 14, 14]
dir: -5, dif: -5, i: 1, levels: [6, 11, 12, 14, 14]
dampened 1: [41, 44, 46, 49, 51, 54, 58]
dampened 2: [36, 44, 46, 49, 51, 54, 58]
dir: -5, dif: -5, i: 1, levels: [36, 41, 44, 46, 49, 51, 54, 58]
dampened 1: [71, 73, 75, 78, 80, 81, 87]
dampened 2: [66, 73, 75, 78, 80, 81, 87]
dir: -5, dif: -5, i: 1, levels: [66, 71, 73, 75, 78, 80, 81, 87]
dampened 1: [62, 63, 64, 66, 63, 65]
dampened 2: [55, 63, 64, 66, 63, 65]
dir: -7, dif: -7, i: 1, levels: [55, 62, 63, 64, 66, 63, 65]
dampened 1: [27, 28, 25, 22]
dampened 2: [22, 28, 25, 22]
dir: -5, dif: -5, i: 1, levels: [22, 27, 28, 25, 22]
dampened 1: [95, 93, 94, 95, 95]
dampened 2: [90, 93, 94, 95, 95]
dir: -5, dif: -5, i: 1, levels: [90, 95, 93, 94, 95, 95]
dampened 1: [41, 43, 46, 45, 49]
dampened 2: [35, 43, 46, 45, 49]
dir: -6, dif: -6, i: 1, levels: [35, 41, 43, 46, 45, 49]
dampened 1: [80, 83, 86, 88, 87, 88, 95]
dampened 2: [74, 83, 86, 88, 87, 88, 95]
dir: -6, dif: -6, i: 1, levels: [74, 80, 83, 86, 88, 87, 88, 95]
dampened 1: [44, 46, 47, 49, 49, 52]
dampened 2: [39, 46, 47, 49, 49, 52]
dir: -5, dif: -5, i: 1, levels: [39, 44, 46, 47, 49, 49, 52]
dampened 1: [78, 80, 80, 82, 81]
dampened 2: [73, 80, 80, 82, 81]
dir: -5, dif: -5, i: 1, levels: [73, 78, 80, 80, 82, 81]
dampened 1: [86, 89, 91, 91, 94, 95, 95]
dampened 2: [81, 89, 91, 91, 94, 95, 95]
dir: -5, dif: -5, i: 1, levels: [81, 86, 89, 91, 91, 94, 95, 95]
dampened 1: [34, 37, 38, 40, 43, 43, 47]
dampened 2: [28, 37, 38, 40, 43, 43, 47]
dir: -6, dif: -6, i: 1, levels: [28, 34, 37, 38, 40, 43, 43, 47]
dampened 1: [77, 80, 80, 82, 83, 84, 91]
dampened 2: [72, 80, 80, 82, 83, 84, 91]
dir: -5, dif: -5, i: 1, levels: [72, 77, 80, 80, 82, 83, 84, 91]
dampened 1: [81, 82, 84, 88, 89, 91]
dampened 2: [76, 82, 84, 88, 89, 91]
dir: -5, dif: -5, i: 1, levels: [76, 81, 82, 84, 88, 89, 91]
dampened 1: [43, 47, 49, 50, 47]
dampened 2: [36, 47, 49, 50, 47]
dir: -7, dif: -7, i: 1, levels: [36, 43, 47, 49, 50, 47]
dampened 1: [79, 80, 83, 84, 87, 91, 91]
dampened 2: [74, 80, 83, 84, 87, 91, 91]
dir: -5, dif: -5, i: 1, levels: [74, 79, 80, 83, 84, 87, 91, 91]
dampened 1: [55, 58, 62, 65, 67, 69, 73]
dampened 2: [48, 58, 62, 65, 67, 69, 73]
dir: -7, dif: -7, i: 1, levels: [48, 55, 58, 62, 65, 67, 69, 73]
dampened 1: [20, 24, 27, 28, 31, 38]
dampened 2: [14, 24, 27, 28, 31, 38]
dir: -6, dif: -6, i: 1, levels: [14, 20, 24, 27, 28, 31, 38]
dampened 1: [39, 40, 45, 47, 50, 52]
dampened 2: [33, 40, 45, 47, 50, 52]
dir: -6, dif: -6, i: 1, levels: [33, 39, 40, 45, 47, 50, 52]
dampened 1: [78, 84, 85, 88, 89, 87]
dampened 2: [71, 84, 85, 88, 89, 87]
dir: -7, dif: -7, i: 1, levels: [71, 78, 84, 85, 88, 89, 87]
dampened 1: [52, 59, 60, 63, 65, 67, 67]
dampened 2: [46, 59, 60, 63, 65, 67, 67]
dir: -6, dif: -6, i: 1, levels: [46, 52, 59, 60, 63, 65, 67, 67]
dampened 1: [32, 35, 37, 40, 47, 48, 52]
dampened 2: [27, 35, 37, 40, 47, 48, 52]
dir: -5, dif: -5, i: 1, levels: [27, 32, 35, 37, 40, 47, 48, 52]
dampened 1: [71, 72, 78, 81, 83, 90]
dampened 2: [66, 72, 78, 81, 83, 90]
dir: -5, dif: -5, i: 1, levels: [66, 71, 72, 78, 81, 83, 90]
dampened 1: [51, 50, 52, 51, 49, 46, 44]
dampened 2: [51, 50, 49, 51, 49, 46, 44]
dir: 1, dif: -3, i: 3, levels: [51, 50, 49, 52, 51, 49, 46, 44]
dampened 1: [78, 77, 75, 75, 77]
dampened 2: [78, 77, 75, 74, 77]
dir: 1, dif: -1, i: 4, levels: [78, 77, 75, 74, 75, 77]
dampened 1: [14, 13, 12, 10, 7, 5, 5]
dampened 2: [14, 12, 12, 10, 7, 5, 5]
dir: 2, dif: -1, i: 2, levels: [14, 12, 13, 12, 10, 7, 5, 5]
dampened 1: [50, 49, 47, 40]
dampened 2: [50, 48, 47, 40]
dir: 2, dif: -1, i: 2, levels: [50, 48, 49, 47, 40]
dampened 1: [55, 52, 51, 54]
dampened 2: [55, 52, 51, 54]
dir: 3, dif: 0, i: 2, levels: [55, 52, 52, 51, 54]
dampened 1: [73, 70, 68, 65, 62, 59, 59]
dampened 2: [73, 70, 68, 65, 62, 59, 59]
dir: 3, dif: 0, i: 4, levels: [73, 70, 68, 65, 65, 62, 59, 59]
dampened 1: [99, 96, 95, 91]
dampened 2: [99, 96, 95, 91]
dir: 3, dif: 0, i: 3, levels: [99, 96, 95, 95, 91]
dampened 1: [76, 73, 70, 68, 63]
dampened 2: [76, 73, 70, 68, 63]
dir: 3, dif: 0, i: 4, levels: [76, 73, 70, 68, 68, 63]
dampened 1: [13, 11, 4, 2]
dampened 2: [13, 11, 8, 2]
dir: 2, dif: 4, i: 3, levels: [13, 11, 8, 4, 2]
dampened 1: [26, 23, 22, 19, 12, 9, 10]
dampened 2: [26, 23, 22, 19, 16, 9, 10]
dir: 3, dif: 4, i: 5, levels: [26, 23, 22, 19, 16, 12, 9, 10]
dampened 1: [95, 92, 85, 85]
dampened 2: [95, 92, 89, 85]
dir: 3, dif: 4, i: 3, levels: [95, 92, 89, 85, 85]
dampened 1: [25, 24, 18, 15, 13, 10, 6]
dampened 2: [25, 24, 22, 15, 13, 10, 6]
dir: 1, dif: 4, i: 3, levels: [25, 24, 22, 18, 15, 13, 10, 6]
dampened 1: [87, 82, 79, 78, 73]
dampened 2: [87, 86, 79, 78, 73]
dir: 1, dif: 4, i: 2, levels: [87, 86, 82, 79, 78, 73]
dampened 1: [92, 90, 88, 78, 77, 75, 72]
dampened 2: [92, 90, 88, 85, 77, 75, 72]
dir: 2, dif: 7, i: 4, levels: [92, 90, 88, 85, 78, 77, 75, 72]
dampened 1: [50, 48, 42, 40, 42]
dampened 2: [50, 48, 47, 40, 42]
dir: 2, dif: 5, i: 3, levels: [50, 48, 47, 42, 40, 42]
dampened 1: [75, 74, 67, 65, 63, 60, 60]
dampened 2: [75, 74, 73, 65, 63, 60, 60]
dir: 1, dif: 6, i: 3, levels: [75, 74, 73, 67, 65, 63, 60, 60]
dampened 1: [63, 60, 52, 50, 47, 44, 40]
dampened 2: [63, 60, 59, 50, 47, 44, 40]
dir: 3, dif: 7, i: 3, levels: [63, 60, 59, 52, 50, 47, 44, 40]
dampened 1: [43, 40, 34, 27]
dampened 2: [43, 40, 39, 27]
dir: 3, dif: 5, i: 3, levels: [43, 40, 39, 34, 27]
dampened 1: [27, 29, 28, 25]
dampened 2: [27, 30, 28, 25]
dir: -3, dif: 1, i: 2, levels: [27, 30, 29, 28, 25]
dampened 1: [29, 27, 24, 23, 21, 24]
dampened 2: [29, 30, 24, 23, 21, 24]
dir: -1, dif: 3, i: 2, levels: [29, 30, 27, 24, 23, 21, 24]
dampened 1: [66, 65, 63, 61, 61]
dampened 2: [66, 67, 63, 61, 61]
dir: -1, dif: 2, i: 2, levels: [66, 67, 65, 63, 61, 61]
dampened 1: [93, 95, 93, 89]
dampened 2: [93, 96, 93, 89]
dir: -3, dif: 1, i: 2, levels: [93, 96, 95, 93, 89]
dampened 1: [90, 91, 90, 89, 88, 85, 78]
dampened 2: [90, 92, 90, 89, 88, 85, 78]
dir: -2, dif: 1, i: 2, levels: [90, 92, 91, 90, 89, 88, 85, 78]
dampened 1: [15, 15, 12, 9, 8, 10, 8]
dampened 2: [15, 17, 12, 9, 8, 10, 8]
dir: -2, dif: 2, i: 2, levels: [15, 17, 15, 12, 9, 8, 10, 8]
dampened 1: [23, 23, 22, 25, 26]
dampened 2: [23, 25, 22, 25, 26]
dir: -2, dif: 2, i: 2, levels: [23, 25, 23, 22, 25, 26]
dampened 1: [77, 77, 78, 75, 75]
dampened 2: [77, 78, 78, 75, 75]
dir: -1, dif: 1, i: 2, levels: [77, 78, 77, 78, 75, 75]
dampened 1: [12, 13, 16, 12]
dampened 2: [12, 15, 16, 12]
dir: -3, dif: 2, i: 2, levels: [12, 15, 13, 16, 12]
dampened 1: [23, 24, 21, 22, 17]
dampened 2: [23, 26, 21, 22, 17]
dir: -3, dif: 2, i: 2, levels: [23, 26, 24, 21, 22, 17]
dampened 1: [92, 93, 91, 89, 88, 85, 84]
dampened 2: [92, 93, 91, 89, 88, 85, 84]
dir: -1, dif: 0, i: 2, levels: [92, 93, 93, 91, 89, 88, 85, 84]
dampened 1: [92, 90, 89, 88, 86, 86, 88]
dampened 2: [92, 93, 89, 88, 86, 86, 88]
dir: -1, dif: 3, i: 2, levels: [92, 93, 90, 89, 88, 86, 86, 88]
dampened 1: [29, 31, 29, 27, 27]
dampened 2: [29, 31, 29, 27, 27]
dir: -2, dif: 0, i: 2, levels: [29, 31, 31, 29, 27, 27]
dampened 1: [31, 34, 32, 28]
dampened 2: [31, 34, 32, 28]
dir: -3, dif: 0, i: 2, levels: [31, 34, 34, 32, 28]
dampened 1: [87, 87, 85, 84, 84, 77]
dampened 2: [87, 88, 85, 84, 84, 77]
dir: -1, dif: 1, i: 2, levels: [87, 88, 87, 85, 84, 84, 77]
dampened 1: [74, 74, 72, 68, 67]
dampened 2: [74, 75, 72, 68, 67]
dir: -1, dif: 1, i: 2, levels: [74, 75, 74, 72, 68, 67]
dampened 1: [52, 52, 50, 46, 48]
dampened 2: [52, 54, 50, 46, 48]
dir: -2, dif: 2, i: 2, levels: [52, 54, 52, 50, 46, 48]
dampened 1: [75, 75, 71, 69, 69]
dampened 2: [75, 78, 71, 69, 69]
dir: -3, dif: 3, i: 2, levels: [75, 78, 75, 71, 69, 69]
dampened 1: [28, 28, 25, 21, 17]
dampened 2: [28, 31, 25, 21, 17]
dir: -3, dif: 3, i: 2, levels: [28, 31, 28, 25, 21, 17]
dampened 1: [70, 69, 65, 58]
dampened 2: [70, 72, 65, 58]
dir: -2, dif: 3, i: 2, levels: [70, 72, 69, 65, 58]
dampened 1: [80, 82, 76, 75, 73, 71]
dampened 2: [80, 83, 76, 75, 73, 71]
dir: -3, dif: 1, i: 2, levels: [80, 83, 82, 76, 75, 73, 71]
dampened 1: [9, 9, 3, 2, 5]
dampened 2: [9, 11, 3, 2, 5]
dir: -2, dif: 2, i: 2, levels: [9, 11, 9, 3, 2, 5]
dampened 1: [53, 55, 52, 47, 47]
dampened 2: [53, 56, 52, 47, 47]
dir: -3, dif: 1, i: 2, levels: [53, 56, 55, 52, 47, 47]
dampened 1: [14, 15, 14, 11, 6, 2]
dampened 2: [14, 17, 14, 11, 6, 2]
dir: -3, dif: 2, i: 2, levels: [14, 17, 15, 14, 11, 6, 2]
dampened 1: [41, 37, 35, 28]
dampened 2: [41, 42, 35, 28]
dir: -1, dif: 5, i: 2, levels: [41, 42, 37, 35, 28]
dampened 1: [20, 18, 17, 16, 18]
dampened 2: [20, 18, 17, 16, 18]
dir: 0, dif: 0, i: 1, levels: [20, 20, 18, 17, 16, 18]
dampened 1: [76, 74, 71, 69, 66, 64, 64]
dampened 2: [76, 74, 71, 69, 66, 64, 64]
dir: 0, dif: 0, i: 1, levels: [76, 76, 74, 71, 69, 66, 64, 64]
dampened 1: [40, 37, 34, 32, 31, 27]
dampened 2: [40, 37, 34, 32, 31, 27]
dir: 0, dif: 0, i: 1, levels: [40, 40, 37, 34, 32, 31, 27]
dampened 1: [63, 62, 59, 58, 57, 55, 50]
dampened 2: [63, 62, 59, 58, 57, 55, 50]
dir: 0, dif: 0, i: 1, levels: [63, 63, 62, 59, 58, 57, 55, 50]
dampened 1: [63, 60, 61, 59]
dampened 2: [63, 60, 61, 59]
dir: 0, dif: 0, i: 1, levels: [63, 63, 60, 61, 59]
dampened 1: [24, 25, 22, 21, 23]
dampened 2: [24, 25, 22, 21, 23]
dir: 0, dif: 0, i: 1, levels: [24, 24, 25, 22, 21, 23]
dampened 1: [24, 22, 20, 19, 21, 21]
dampened 2: [24, 22, 20, 19, 21, 21]
dir: 0, dif: 0, i: 1, levels: [24, 24, 22, 20, 19, 21, 21]
dampened 1: [17, 15, 14, 17, 16, 14, 10]
dampened 2: [17, 15, 14, 17, 16, 14, 10]
dir: 0, dif: 0, i: 1, levels: [17, 17, 15, 14, 17, 16, 14, 10]
dampened 1: [56, 54, 52, 51, 48, 51, 46]
dampened 2: [56, 54, 52, 51, 48, 51, 46]
dir: 0, dif: 0, i: 1, levels: [56, 56, 54, 52, 51, 48, 51, 46]
dampened 1: [41, 41, 39, 36]
dampened 2: [41, 41, 39, 36]
dir: 0, dif: 0, i: 1, levels: [41, 41, 41, 39, 36]
dampened 1: [36, 34, 34, 37]
dampened 2: [36, 34, 34, 37]
dir: 0, dif: 0, i: 1, levels: [36, 36, 34, 34, 37]
dampened 1: [28, 26, 23, 23, 21, 18, 18]
dampened 2: [28, 26, 23, 23, 21, 18, 18]
dir: 0, dif: 0, i: 1, levels: [28, 28, 26, 23, 23, 21, 18, 18]
dampened 1: [69, 68, 65, 65, 64, 61, 57]
dampened 2: [69, 68, 65, 65, 64, 61, 57]
dir: 0, dif: 0, i: 1, levels: [69, 69, 68, 65, 65, 64, 61, 57]
dampened 1: [81, 79, 79, 76, 74, 67]
dampened 2: [81, 79, 79, 76, 74, 67]
dir: 0, dif: 0, i: 1, levels: [81, 81, 79, 79, 76, 74, 67]
dampened 1: [35, 33, 30, 27, 23, 21]
dampened 2: [35, 33, 30, 27, 23, 21]
dir: 0, dif: 0, i: 1, levels: [35, 35, 33, 30, 27, 23, 21]
dampened 1: [81, 80, 76, 74, 73, 74]
dampened 2: [81, 80, 76, 74, 73, 74]
dir: 0, dif: 0, i: 1, levels: [81, 81, 80, 76, 74, 73, 74]
dampened 1: [51, 47, 45, 42, 41, 39, 39]
dampened 2: [51, 47, 45, 42, 41, 39, 39]
dir: 0, dif: 0, i: 1, levels: [51, 51, 47, 45, 42, 41, 39, 39]
dampened 1: [89, 87, 83, 79]
dampened 2: [89, 87, 83, 79]
dir: 0, dif: 0, i: 1, levels: [89, 89, 87, 83, 79]
dampened 1: [27, 24, 22, 20, 16, 13, 6]
dampened 2: [27, 24, 22, 20, 16, 13, 6]
dir: 0, dif: 0, i: 1, levels: [27, 27, 24, 22, 20, 16, 13, 6]
dampened 1: [82, 79, 73, 71, 68, 66]
dampened 2: [82, 79, 73, 71, 68, 66]
dir: 0, dif: 0, i: 1, levels: [82, 82, 79, 73, 71, 68, 66]
dampened 1: [63, 60, 55, 54, 52, 49, 52]
dampened 2: [63, 60, 55, 54, 52, 49, 52]
dir: 0, dif: 0, i: 1, levels: [63, 63, 60, 55, 54, 52, 49, 52]
dampened 1: [17, 12, 11, 9, 9]
dampened 2: [17, 12, 11, 9, 9]
dir: 0, dif: 0, i: 1, levels: [17, 17, 12, 11, 9, 9]
dampened 1: [40, 39, 36, 31, 28, 26, 22]
dampened 2: [40, 39, 36, 31, 28, 26, 22]
dir: 0, dif: 0, i: 1, levels: [40, 40, 39, 36, 31, 28, 26, 22]
dampened 1: [85, 82, 81, 79, 74, 67]
dampened 2: [85, 82, 81, 79, 74, 67]
dir: 0, dif: 0, i: 1, levels: [85, 85, 82, 81, 79, 74, 67]
dampened 1: [34, 32, 31, 29, 27, 26, 28]
dampened 2: [38, 32, 31, 29, 27, 26, 28]
dir: 4, dif: 4, i: 1, levels: [38, 34, 32, 31, 29, 27, 26, 28]
dampened 1: [28, 27, 26, 26]
dampened 2: [32, 27, 26, 26]
dir: 4, dif: 4, i: 1, levels: [32, 28, 27, 26, 26]
dampened 1: [45, 42, 40, 38, 35, 31]
dampened 2: [49, 42, 40, 38, 35, 31]
dir: 4, dif: 4, i: 1, levels: [49, 45, 42, 40, 38, 35, 31]
dampened 1: [32, 29, 27, 25, 22, 16]
dampened 2: [36, 29, 27, 25, 22, 16]
dir: 4, dif: 4, i: 1, levels: [36, 32, 29, 27, 25, 22, 16]
dampened 1: [69, 68, 67, 65, 62, 65, 63]
dampened 2: [73, 68, 67, 65, 62, 65, 63]
dir: 4, dif: 4, i: 1, levels: [73, 69, 68, 67, 65, 62, 65, 63]
dampened 1: [15, 14, 17, 20]
dampened 2: [19, 14, 17, 20]
dir: 4, dif: 4, i: 1, levels: [19, 15, 14, 17, 20]
dampened 1: [91, 89, 87, 88, 86, 86]
dampened 2: [95, 89, 87, 88, 86, 86]
dir: 4, dif: 4, i: 1, levels: [95, 91, 89, 87, 88, 86, 86]
dampened 1: [25, 23, 21, 19, 20, 18, 14]
dampened 2: [29, 23, 21, 19, 20, 18, 14]
dir: 4, dif: 4, i: 1, levels: [29, 25, 23, 21, 19, 20, 18, 14]
dampened 1: [17, 16, 13, 12, 9, 10, 4]
dampened 2: [21, 16, 13, 12, 9, 10, 4]
dir: 4, dif: 4, i: 1, levels: [21, 17, 16, 13, 12, 9, 10, 4]
dampened 1: [81, 80, 79, 77, 74, 74, 71]
dampened 2: [85, 80, 79, 77, 74, 74, 71]
dir: 4, dif: 4, i: 1, levels: [85, 81, 80, 79, 77, 74, 74, 71]
dampened 1: [91, 90, 88, 88, 87, 90]
dampened 2: [95, 90, 88, 88, 87, 90]
dir: 4, dif: 4, i: 1, levels: [95, 91, 90, 88, 88, 87, 90]
dampened 1: [76, 76, 73, 70, 69, 69]
dampened 2: [80, 76, 73, 70, 69, 69]
dir: 4, dif: 4, i: 1, levels: [80, 76, 76, 73, 70, 69, 69]
dampened 1: [84, 83, 81, 79, 76, 76, 72]
dampened 2: [88, 83, 81, 79, 76, 76, 72]
dir: 4, dif: 4, i: 1, levels: [88, 84, 83, 81, 79, 76, 76, 72]
dampened 1: [63, 61, 61, 59, 54]
dampened 2: [67, 61, 61, 59, 54]
dir: 4, dif: 4, i: 1, levels: [67, 63, 61, 61, 59, 54]
dampened 1: [46, 42, 39, 38, 35, 32]
dampened 2: [50, 42, 39, 38, 35, 32]
dir: 4, dif: 4, i: 1, levels: [50, 46, 42, 39, 38, 35, 32]
dampened 1: [35, 31, 29, 26, 23, 26]
dampened 2: [39, 31, 29, 26, 23, 26]
dir: 4, dif: 4, i: 1, levels: [39, 35, 31, 29, 26, 23, 26]
dampened 1: [13, 12, 11, 8, 7, 3, 3]
dampened 2: [17, 12, 11, 8, 7, 3, 3]
dir: 4, dif: 4, i: 1, levels: [17, 13, 12, 11, 8, 7, 3, 3]
dampened 1: [92, 91, 87, 84, 80]
dampened 2: [96, 91, 87, 84, 80]
dir: 4, dif: 4, i: 1, levels: [96, 92, 91, 87, 84, 80]
dampened 1: [15, 13, 12, 8, 1]
dampened 2: [19, 13, 12, 8, 1]
dir: 4, dif: 4, i: 1, levels: [19, 15, 13, 12, 8, 1]
dampened 1: [21, 19, 14, 11, 9, 8, 6]
dampened 2: [25, 19, 14, 11, 9, 8, 6]
dir: 4, dif: 4, i: 1, levels: [25, 21, 19, 14, 11, 9, 8, 6]
dampened 1: [26, 24, 18, 19]
dampened 2: [30, 24, 18, 19]
dir: 4, dif: 4, i: 1, levels: [30, 26, 24, 18, 19]
dampened 1: [41, 40, 33, 31, 31]
dampened 2: [45, 40, 33, 31, 31]
dir: 4, dif: 4, i: 1, levels: [45, 41, 40, 33, 31, 31]
dampened 1: [68, 61, 60, 58, 54]
dampened 2: [72, 61, 60, 58, 54]
dir: 4, dif: 4, i: 1, levels: [72, 68, 61, 60, 58, 54]
dampened 1: [92, 91, 90, 84, 82, 76]
dampened 2: [96, 91, 90, 84, 82, 76]
dir: 4, dif: 4, i: 1, levels: [96, 92, 91, 90, 84, 82, 76]
dampened 1: [38, 35, 32, 33]
dampened 2: [43, 35, 32, 33]
dir: 5, dif: 5, i: 1, levels: [43, 38, 35, 32, 33]
dampened 1: [27, 24, 21, 18, 18]
dampened 2: [33, 24, 21, 18, 18]
dir: 6, dif: 6, i: 1, levels: [33, 27, 24, 21, 18, 18]
dampened 1: [62, 59, 57, 54, 52, 49, 45]
dampened 2: [67, 59, 57, 54, 52, 49, 45]
dir: 5, dif: 5, i: 1, levels: [67, 62, 59, 57, 54, 52, 49, 45]
dampened 1: [92, 90, 88, 82]
dampened 2: [99, 90, 88, 82]
dir: 7, dif: 7, i: 1, levels: [99, 92, 90, 88, 82]
dampened 1: [58, 57, 59, 57]
dampened 2: [64, 57, 59, 57]
dir: 6, dif: 6, i: 1, levels: [64, 58, 57, 59, 57]
dampened 1: [75, 74, 71, 72, 69, 72]
dampened 2: [80, 74, 71, 72, 69, 72]
dir: 5, dif: 5, i: 1, levels: [80, 75, 74, 71, 72, 69, 72]
dampened 1: [7, 4, 5, 3, 3]
dampened 2: [12, 4, 5, 3, 3]
dir: 5, dif: 5, i: 1, levels: [12, 7, 4, 5, 3, 3]
dampened 1: [7, 5, 6, 2]
dampened 2: [13, 5, 6, 2]
dir: 6, dif: 6, i: 1, levels: [13, 7, 5, 6, 2]
dampened 1: [74, 75, 73, 71, 68, 63]
dampened 2: [79, 75, 73, 71, 68, 63]
dir: 5, dif: 5, i: 1, levels: [79, 74, 75, 73, 71, 68, 63]
dampened 1: [37, 36, 34, 34, 33, 31]
dampened 2: [42, 36, 34, 34, 33, 31]
dir: 5, dif: 5, i: 1, levels: [42, 37, 36, 34, 34, 33, 31]
dampened 1: [45, 43, 40, 39, 39, 40]
dampened 2: [52, 43, 40, 39, 39, 40]
dir: 7, dif: 7, i: 1, levels: [52, 45, 43, 40, 39, 39, 40]
dampened 1: [30, 30, 29, 27, 27]
dampened 2: [36, 30, 29, 27, 27]
dir: 6, dif: 6, i: 1, levels: [36, 30, 30, 29, 27, 27]
dampened 1: [21, 19, 16, 13, 13, 12, 8]
dampened 2: [27, 19, 16, 13, 13, 12, 8]
dir: 6, dif: 6, i: 1, levels: [27, 21, 19, 16, 13, 13, 12, 8]
dampened 1: [58, 58, 57, 55, 52, 47]
dampened 2: [63, 58, 57, 55, 52, 47]
dir: 5, dif: 5, i: 1, levels: [63, 58, 58, 57, 55, 52, 47]
dampened 1: [59, 56, 52, 51, 49, 47, 45]
dampened 2: [65, 56, 52, 51, 49, 47, 45]
dir: 6, dif: 6, i: 1, levels: [65, 59, 56, 52, 51, 49, 47, 45]
dampened 1: [10, 8, 7, 3, 5]
dampened 2: [17, 8, 7, 3, 5]
dir: 7, dif: 7, i: 1, levels: [17, 10, 8, 7, 3, 5]
dampened 1: [82, 80, 79, 75, 75]
dampened 2: [88, 80, 79, 75, 75]
dir: 6, dif: 6, i: 1, levels: [88, 82, 80, 79, 75, 75]
dampened 1: [19, 18, 14, 13, 9]
dampened 2: [26, 18, 14, 13, 9]
dir: 7, dif: 7, i: 1, levels: [26, 19, 18, 14, 13, 9]
dampened 1: [32, 31, 30, 26, 23, 18]
dampened 2: [37, 31, 30, 26, 23, 18]
dir: 5, dif: 5, i: 1, levels: [37, 32, 31, 30, 26, 23, 18]
dampened 1: [12, 10, 9, 3, 1]
dampened 2: [19, 10, 9, 3, 1]
dir: 7, dif: 7, i: 1, levels: [19, 12, 10, 9, 3, 1]
dampened 1: [44, 41, 38, 33, 32, 34]
dampened 2: [51, 41, 38, 33, 32, 34]
dir: 7, dif: 7, i: 1, levels: [51, 44, 41, 38, 33, 32, 34]
dampened 1: [39, 36, 33, 31, 25, 25]
dampened 2: [44, 36, 33, 31, 25, 25]
dir: 5, dif: 5, i: 1, levels: [44, 39, 36, 33, 31, 25, 25]
dampened 1: [16, 14, 11, 6, 2]
dampened 2: [21, 14, 11, 6, 2]
dir: 5, dif: 5, i: 1, levels: [21, 16, 14, 11, 6, 2]
dampened 1: [47, 46, 44, 37, 34, 28]
dampened 2: [53, 46, 44, 37, 34, 28]
dir: 6, dif: 6, i: 1, levels: [53, 47, 46, 44, 37, 34, 28]
dampened 1: [85, 87, 88, 90, 89, 92, 93]
dampened 2: [85, 87, 88, 90, 92, 92, 93]
dir: -2, dif: 3, i: 5, levels: [85, 87, 88, 90, 92, 89, 92, 93]
dampened 1: [71, 74, 73, 76, 78, 76]
dampened 2: [71, 74, 75, 76, 78, 76]
dir: -3, dif: 2, i: 3, levels: [71, 74, 75, 73, 76, 78, 76]
dampened 1: [34, 36, 35, 37, 37]
dampened 2: [34, 36, 38, 37, 37]
dir: -2, dif: 3, i: 3, levels: [34, 36, 38, 35, 37, 37]
dampened 1: [15, 16, 17, 19, 20, 26]
dampened 2: [15, 16, 18, 19, 20, 26]
dir: -1, dif: 1, i: 3, levels: [15, 16, 18, 17, 19, 20, 26]
dampened 1: [71, 73, 76, 73]
dampened 2: [71, 73, 76, 73]
dir: -2, dif: 0, i: 3, levels: [71, 73, 76, 76, 73]
dampened 1: [17, 18, 19, 21, 23, 26, 26]
dampened 2: [17, 18, 19, 21, 23, 26, 26]
dir: -1, dif: 0, i: 5, levels: [17, 18, 19, 21, 23, 23, 26, 26]
dampened 1: [52, 53, 55, 57, 58, 59, 63]
dampened 2: [52, 53, 55, 57, 58, 59, 63]
dir: -1, dif: 0, i: 3, levels: [52, 53, 55, 55, 57, 58, 59, 63]
dampened 1: [19, 21, 23, 30]
dampened 2: [19, 21, 23, 30]
dir: -2, dif: 0, i: 3, levels: [19, 21, 23, 23, 30]
dampened 1: [4, 5, 7, 12, 15, 18]
dampened 2: [4, 5, 7, 8, 15, 18]
dir: -1, dif: -4, i: 4, levels: [4, 5, 7, 8, 12, 15, 18]
dampened 1: [58, 64, 66, 63]
dampened 2: [58, 60, 66, 63]
dir: -2, dif: -4, i: 2, levels: [58, 60, 64, 66, 63]
dampened 1: [4, 10, 13, 13]
dampened 2: [4, 6, 13, 13]
dir: -2, dif: -4, i: 2, levels: [4, 6, 10, 13, 13]
dampened 1: [42, 45, 52, 53, 56, 60]
dampened 2: [42, 45, 48, 53, 56, 60]
dir: -3, dif: -4, i: 3, levels: [42, 45, 48, 52, 53, 56, 60]
dampened 1: [21, 24, 30, 32, 33, 35, 40]
dampened 2: [21, 24, 26, 32, 33, 35, 40]
dir: -3, dif: -4, i: 3, levels: [21, 24, 26, 30, 32, 33, 35, 40]
dampened 1: [75, 78, 87, 88, 90]
dampened 2: [75, 78, 81, 88, 90]
dir: -3, dif: -6, i: 3, levels: [75, 78, 81, 87, 88, 90]
dampened 1: [54, 56, 63, 61]
dampened 2: [54, 56, 57, 61]
dir: -2, dif: -6, i: 3, levels: [54, 56, 57, 63, 61]
dampened 1: [42, 44, 47, 55, 57, 60, 60]
dampened 2: [42, 44, 47, 48, 57, 60, 60]
dir: -2, dif: -7, i: 4, levels: [42, 44, 47, 48, 55, 57, 60, 60]
dampened 1: [73, 76, 77, 86, 90]
dampened 2: [73, 76, 77, 79, 90]
dir: -3, dif: -7, i: 4, levels: [73, 76, 77, 79, 86, 90]
dampened 1: [45, 51, 52, 58]
dampened 2: [45, 46, 52, 58]
dir: -1, dif: -5, i: 2, levels: [45, 46, 51, 52, 58]
dampened 1: [57, 58, 61, 58]
dampened 2: [57, 55, 61, 58]
dir: 2, dif: -3, i: 2, levels: [57, 55, 58, 61, 58]
dampened 1: [15, 16, 19, 21, 23, 23]
dampened 2: [15, 13, 19, 21, 23, 23]
dir: 2, dif: -3, i: 2, levels: [15, 13, 16, 19, 21, 23, 23]
dampened 1: [63, 63, 66, 68, 69, 73]
dampened 2: [63, 62, 66, 68, 69, 73]
dir: 1, dif: -1, i: 2, levels: [63, 62, 63, 66, 68, 69, 73]
dampened 1: [63, 62, 63, 65, 72]
dampened 2: [63, 61, 63, 65, 72]
dir: 2, dif: -1, i: 2, levels: [63, 61, 62, 63, 65, 72]
dampened 1: [92, 89, 89, 92]
dampened 2: [92, 89, 87, 92]
dir: 3, dif: -2, i: 3, levels: [92, 89, 87, 89, 92]
dampened 1: [7, 8, 9, 12, 11, 8]
dampened 2: [7, 6, 9, 12, 11, 8]
dir: 1, dif: -2, i: 2, levels: [7, 6, 8, 9, 12, 11, 8]
dampened 1: [14, 11, 11, 11]
dampened 2: [14, 11, 10, 11]
dir: 3, dif: -1, i: 3, levels: [14, 11, 10, 11, 11]
dampened 1: [26, 27, 28, 29, 26, 30]
dampened 2: [26, 24, 28, 29, 26, 30]
dir: 2, dif: -3, i: 2, levels: [26, 24, 27, 28, 29, 26, 30]
dampened 1: [32, 30, 32, 34, 36, 35, 41]
dampened 2: [32, 29, 32, 34, 36, 35, 41]
dir: 3, dif: -1, i: 2, levels: [32, 29, 30, 32, 34, 36, 35, 41]
dampened 1: [19, 16, 19, 20]
dampened 2: [19, 16, 19, 20]
dir: 3, dif: 0, i: 2, levels: [19, 16, 16, 19, 20]
dampened 1: [74, 76, 76, 75]
dampened 2: [74, 73, 76, 75]
dir: 1, dif: -3, i: 2, levels: [74, 73, 76, 76, 75]
dampened 1: [65, 63, 64, 64]
dampened 2: [65, 63, 64, 64]
dir: 2, dif: 0, i: 2, levels: [65, 63, 63, 64, 64]
dampened 1: [43, 42, 44, 45, 48, 52]
dampened 2: [43, 42, 44, 45, 48, 52]
dir: 1, dif: 0, i: 2, levels: [43, 42, 42, 44, 45, 48, 52]
dampened 1: [63, 62, 62, 63, 66, 68, 75]
dampened 2: [63, 61, 62, 63, 66, 68, 75]
dir: 2, dif: -1, i: 2, levels: [63, 61, 62, 62, 63, 66, 68, 75]
dampened 1: [21, 20, 24, 27, 24]
dampened 2: [21, 18, 24, 27, 24]
dir: 3, dif: -2, i: 2, levels: [21, 18, 20, 24, 27, 24]
dampened 1: [18, 20, 23, 24, 26, 29, 29]
dampened 2: [18, 16, 23, 24, 26, 29, 29]
dir: 2, dif: -4, i: 2, levels: [18, 16, 20, 23, 24, 26, 29, 29]
dampened 1: [30, 32, 33, 36, 40]
dampened 2: [30, 28, 33, 36, 40]
dir: 2, dif: -4, i: 2, levels: [30, 28, 32, 33, 36, 40]
dampened 1: [23, 23, 24, 28, 31, 37]
dampened 2: [23, 20, 24, 28, 31, 37]
dir: 3, dif: -3, i: 2, levels: [23, 20, 23, 24, 28, 31, 37]
dampened 1: [63, 63, 65, 72, 75]
dampened 2: [63, 61, 65, 72, 75]
dir: 2, dif: -2, i: 2, levels: [63, 61, 63, 65, 72, 75]
dampened 1: [41, 40, 47, 48, 49, 48]
dampened 2: [41, 39, 47, 48, 49, 48]
dir: 2, dif: -1, i: 2, levels: [41, 39, 40, 47, 48, 49, 48]
dampened 1: [29, 32, 34, 34]
dampened 2: [29, 27, 34, 34]
dir: 2, dif: -5, i: 2, levels: [29, 27, 32, 34, 34]
dampened 1: [36, 36, 37, 38, 44, 48]
dampened 2: [36, 34, 37, 38, 44, 48]
dir: 2, dif: -2, i: 2, levels: [36, 34, 36, 37, 38, 44, 48]
dampened 1: [38, 40, 45, 46, 49, 50, 56]
dampened 2: [38, 37, 45, 46, 49, 50, 56]
dir: 1, dif: -3, i: 2, levels: [38, 37, 40, 45, 46, 49, 50, 56]
dampened 1: [68, 71, 72, 73, 72]
dampened 2: [68, 71, 72, 73, 72]
dir: 0, dif: 0, i: 1, levels: [68, 68, 71, 72, 73, 72]
dampened 1: [47, 48, 51, 51]
dampened 2: [47, 48, 51, 51]
dir: 0, dif: 0, i: 1, levels: [47, 47, 48, 51, 51]
dampened 1: [87, 89, 92, 95, 99]
dampened 2: [87, 89, 92, 95, 99]
dir: 0, dif: 0, i: 1, levels: [87, 87, 89, 92, 95, 99]
dampened 1: [47, 48, 49, 51, 52, 57]
dampened 2: [47, 48, 49, 51, 52, 57]
dir: 0, dif: 0, i: 1, levels: [47, 47, 48, 49, 51, 52, 57]
dampened 1: [86, 88, 87, 90]
dampened 2: [86, 88, 87, 90]
dir: 0, dif: 0, i: 1, levels: [86, 86, 88, 87, 90]
dampened 1: [74, 75, 78, 79, 78, 77]
dampened 2: [74, 75, 78, 79, 78, 77]
dir: 0, dif: 0, i: 1, levels: [74, 74, 75, 78, 79, 78, 77]
dampened 1: [55, 57, 55, 57, 58, 58]
dampened 2: [55, 57, 55, 57, 58, 58]
dir: 0, dif: 0, i: 1, levels: [55, 55, 57, 55, 57, 58, 58]
dampened 1: [85, 86, 87, 86, 88, 91, 95]
dampened 2: [85, 86, 87, 86, 88, 91, 95]
dir: 0, dif: 0, i: 1, levels: [85, 85, 86, 87, 86, 88, 91, 95]
dampened 1: [46, 47, 46, 48, 49, 54]
dampened 2: [46, 47, 46, 48, 49, 54]
dir: 0, dif: 0, i: 1, levels: [46, 46, 47, 46, 48, 49, 54]
dampened 1: [80, 80, 83, 84, 86, 89]
dampened 2: [80, 80, 83, 84, 86, 89]
dir: 0, dif: 0, i: 1, levels: [80, 80, 80, 83, 84, 86, 89]
dampened 1: [73, 74, 76, 78, 81, 81, 79]
dampened 2: [73, 74, 76, 78, 81, 81, 79]
dir: 0, dif: 0, i: 1, levels: [73, 73, 74, 76, 78, 81, 81, 79]
dampened 1: [93, 95, 96, 96, 96]
dampened 2: [93, 95, 96, 96, 96]
dir: 0, dif: 0, i: 1, levels: [93, 93, 95, 96, 96, 96]
dampened 1: [28, 30, 30, 34]
dampened 2: [28, 30, 30, 34]
dir: 0, dif: 0, i: 1, levels: [28, 28, 30, 30, 34]
dampened 1: [24, 27, 27, 29, 30, 32, 37]
dampened 2: [24, 27, 27, 29, 30, 32, 37]
dir: 0, dif: 0, i: 1, levels: [24, 24, 27, 27, 29, 30, 32, 37]
dampened 1: [80, 84, 87, 89]
dampened 2: [80, 84, 87, 89]
dir: 0, dif: 0, i: 1, levels: [80, 80, 84, 87, 89]
dampened 1: [48, 51, 55, 57, 56]
dampened 2: [48, 51, 55, 57, 56]
dir: 0, dif: 0, i: 1, levels: [48, 48, 51, 55, 57, 56]
dampened 1: [43, 44, 48, 49, 50, 51, 51]
dampened 2: [43, 44, 48, 49, 50, 51, 51]
dir: 0, dif: 0, i: 1, levels: [43, 43, 44, 48, 49, 50, 51, 51]
dampened 1: [78, 81, 85, 86, 88, 89, 93]
dampened 2: [78, 81, 85, 86, 88, 89, 93]
dir: 0, dif: 0, i: 1, levels: [78, 78, 81, 85, 86, 88, 89, 93]
dampened 1: [62, 65, 69, 71, 74, 79]
dampened 2: [62, 65, 69, 71, 74, 79]
dir: 0, dif: 0, i: 1, levels: [62, 62, 65, 69, 71, 74, 79]
dampened 1: [25, 27, 29, 30, 37, 39]
dampened 2: [25, 27, 29, 30, 37, 39]
dir: 0, dif: 0, i: 1, levels: [25, 25, 27, 29, 30, 37, 39]
dampened 1: [82, 85, 88, 90, 96, 93]
dampened 2: [82, 85, 88, 90, 96, 93]
dir: 0, dif: 0, i: 1, levels: [82, 82, 85, 88, 90, 96, 93]
dampened 1: [35, 36, 39, 44, 44]
dampened 2: [35, 36, 39, 44, 44]
dir: 0, dif: 0, i: 1, levels: [35, 35, 36, 39, 44, 44]
dampened 1: [48, 53, 55, 59]
dampened 2: [48, 53, 55, 59]
dir: 0, dif: 0, i: 1, levels: [48, 48, 53, 55, 59]
dampened 1: [68, 70, 73, 74, 80, 81, 86]
dampened 2: [68, 70, 73, 74, 80, 81, 86]
dir: 0, dif: 0, i: 1, levels: [68, 68, 70, 73, 74, 80, 81, 86]
dampened 1: [82, 83, 84, 87, 90, 91, 90]
dampened 2: [78, 83, 84, 87, 90, 91, 90]
dir: -4, dif: -4, i: 1, levels: [78, 82, 83, 84, 87, 90, 91, 90]
dampened 1: [36, 37, 39, 39]
dampened 2: [32, 37, 39, 39]
dir: -4, dif: -4, i: 1, levels: [32, 36, 37, 39, 39]
dampened 1: [19, 21, 24, 28]
dampened 2: [15, 21, 24, 28]
dir: -4, dif: -4, i: 1, levels: [15, 19, 21, 24, 28]
dampened 1: [25, 27, 28, 30, 33, 40]
dampened 2: [21, 27, 28, 30, 33, 40]
dir: -4, dif: -4, i: 1, levels: [21, 25, 27, 28, 30, 33, 40]
dampened 1: [20, 23, 26, 27, 25, 26]
dampened 2: [16, 23, 26, 27, 25, 26]
dir: -4, dif: -4, i: 1, levels: [16, 20, 23, 26, 27, 25, 26]
dampened 1: [12, 10, 11, 9]
dampened 2: [8, 10, 11, 9]
dir: -4, dif: -4, i: 1, levels: [8, 12, 10, 11, 9]
dampened 1: [48, 47, 49, 50, 50]
dampened 2: [44, 47, 49, 50, 50]
dir: -4, dif: -4, i: 1, levels: [44, 48, 47, 49, 50, 50]
dampened 1: [6, 8, 11, 8, 12]
dampened 2: [2, 8, 11, 8, 12]
dir: -4, dif: -4, i: 1, levels: [2, 6, 8, 11, 8, 12]
dampened 1: [82, 85, 87, 89, 91, 89, 95]
dampened 2: [78, 85, 87, 89, 91, 89, 95]
dir: -4, dif: -4, i: 1, levels: [78, 82, 85, 87, 89, 91, 89, 95]
dampened 1: [62, 62, 64, 66, 68]
dampened 2: [58, 62, 64, 66, 68]
dir: -4, dif: -4, i: 1, levels: [58, 62, 62, 64, 66, 68]
dampened 1: [40, 40, 41, 42, 44, 42]
dampened 2: [36, 40, 41, 42, 44, 42]
dir: -4, dif: -4, i: 1, levels: [36, 40, 40, 41, 42, 44, 42]
dampened 1: [43, 46, 46, 46]
dampened 2: [39, 46, 46, 46]
dir: -4, dif: -4, i: 1, levels: [39, 43, 46, 46, 46]
dampened 1: [42, 45, 46, 49, 52, 52, 56]
dampened 2: [38, 45, 46, 49, 52, 52, 56]
dir: -4, dif: -4, i: 1, levels: [38, 42, 45, 46, 49, 52, 52, 56]
dampened 1: [57, 57, 60, 62, 67]
dampened 2: [53, 57, 60, 62, 67]
dir: -4, dif: -4, i: 1, levels: [53, 57, 57, 60, 62, 67]
dampened 1: [19, 22, 23, 26, 30, 33, 34]
dampened 2: [15, 22, 23, 26, 30, 33, 34]
dir: -4, dif: -4, i: 1, levels: [15, 19, 22, 23, 26, 30, 33, 34]
dampened 1: [40, 44, 46, 48, 45]
dampened 2: [36, 44, 46, 48, 45]
dir: -4, dif: -4, i: 1, levels: [36, 40, 44, 46, 48, 45]
dampened 1: [58, 59, 60, 63, 67, 67]
dampened 2: [54, 59, 60, 63, 67, 67]
dir: -4, dif: -4, i: 1, levels: [54, 58, 59, 60, 63, 67, 67]
dampened 1: [58, 62, 64, 68]
dampened 2: [54, 62, 64, 68]
dir: -4, dif: -4, i: 1, levels: [54, 58, 62, 64, 68]
dampened 1: [35, 38, 41, 45, 48, 50, 57]
dampened 2: [31, 38, 41, 45, 48, 50, 57]
dir: -4, dif: -4, i: 1, levels: [31, 35, 38, 41, 45, 48, 50, 57]
dampened 1: [23, 24, 27, 29, 36, 37, 38]
dampened 2: [19, 24, 27, 29, 36, 37, 38]
dir: -4, dif: -4, i: 1, levels: [19, 23, 24, 27, 29, 36, 37, 38]
dampened 1: [27, 33, 36, 34]
dampened 2: [23, 33, 36, 34]
dir: -4, dif: -4, i: 1, levels: [23, 27, 33, 36, 34]
dampened 1: [20, 21, 26, 27, 30, 32, 32]
dampened 2: [16, 21, 26, 27, 30, 32, 32]
dir: -4, dif: -4, i: 1, levels: [16, 20, 21, 26, 27, 30, 32, 32]
dampened 1: [83, 84, 91, 94, 95, 99]
dampened 2: [79, 84, 91, 94, 95, 99]
dir: -4, dif: -4, i: 1, levels: [79, 83, 84, 91, 94, 95, 99]
dampened 1: [63, 65, 72, 78]
dampened 2: [59, 65, 72, 78]
dir: -4, dif: -4, i: 1, levels: [59, 63, 65, 72, 78]
dampened 1: [14, 16, 18, 19, 18]
dampened 2: [8, 16, 18, 19, 18]
dir: -6, dif: -6, i: 1, levels: [8, 14, 16, 18, 19, 18]
dampened 1: [34, 36, 38, 39, 40, 41, 41]
dampened 2: [29, 36, 38, 39, 40, 41, 41]
dir: -5, dif: -5, i: 1, levels: [29, 34, 36, 38, 39, 40, 41, 41]
dampened 1: [25, 28, 29, 30, 34]
dampened 2: [20, 28, 29, 30, 34]
dir: -5, dif: -5, i: 1, levels: [20, 25, 28, 29, 30, 34]
dampened 1: [53, 55, 58, 60, 65]
dampened 2: [48, 55, 58, 60, 65]
dir: -5, dif: -5, i: 1, levels: [48, 53, 55, 58, 60, 65]
dampened 1: [44, 47, 46, 49]
dampened 2: [38, 47, 46, 49]
dir: -6, dif: -6, i: 1, levels: [38, 44, 47, 46, 49]
dampened 1: [89, 91, 93, 91, 94, 96, 93]
dampened 2: [83, 91, 93, 91, 94, 96, 93]
dir: -6, dif: -6, i: 1, levels: [83, 89, 91, 93, 91, 94, 96, 93]
dampened 1: [22, 20, 22, 22]
dampened 2: [16, 20, 22, 22]
dir: -6, dif: -6, i: 1, levels: [16, 22, 20, 22, 22]
dampened 1: [84, 83, 84, 86, 87, 90, 94]
dampened 2: [78, 83, 84, 86, 87, 90, 94]
dir: -6, dif: -6, i: 1, levels: [78, 84, 83, 84, 86, 87, 90, 94]
dampened 1: [15, 18, 19, 16, 18, 24]
dampened 2: [10, 18, 19, 16, 18, 24]
dir: -5, dif: -5, i: 1, levels: [10, 15, 18, 19, 16, 18, 24]
dampened 1: [40, 40, 43, 44]
dampened 2: [34, 40, 43, 44]
dir: -6, dif: -6, i: 1, levels: [34, 40, 40, 43, 44]
dampened 1: [15, 18, 21, 24, 24, 23]
dampened 2: [10, 18, 21, 24, 24, 23]
dir: -5, dif: -5, i: 1, levels: [10, 15, 18, 21, 24, 24, 23]
dampened 1: [15, 15, 18, 21, 21]
dampened 2: [9, 15, 18, 21, 21]
dir: -6, dif: -6, i: 1, levels: [9, 15, 15, 18, 21, 21]
dampened 1: [75, 76, 76, 80]
dampened 2: [70, 76, 76, 80]
dir: -5, dif: -5, i: 1, levels: [70, 75, 76, 76, 80]
dampened 1: [22, 25, 28, 29, 29, 36]
dampened 2: [15, 25, 28, 29, 29, 36]
dir: -7, dif: -7, i: 1, levels: [15, 22, 25, 28, 29, 29, 36]
dampened 1: [59, 62, 63, 67, 68, 69]
dampened 2: [54, 62, 63, 67, 68, 69]
dir: -5, dif: -5, i: 1, levels: [54, 59, 62, 63, 67, 68, 69]
dampened 1: [85, 86, 90, 88]
dampened 2: [80, 86, 90, 88]
dir: -5, dif: -5, i: 1, levels: [80, 85, 86, 90, 88]
dampened 1: [50, 54, 57, 57]
dampened 2: [45, 54, 57, 57]
dir: -5, dif: -5, i: 1, levels: [45, 50, 54, 57, 57]
dampened 1: [40, 44, 46, 47, 51]
dampened 2: [35, 44, 46, 47, 51]
dir: -5, dif: -5, i: 1, levels: [35, 40, 44, 46, 47, 51]
dampened 1: [9, 12, 13, 17, 18, 23]
dampened 2: [2, 12, 13, 17, 18, 23]
dir: -7, dif: -7, i: 1, levels: [2, 9, 12, 13, 17, 18, 23]
dampened 1: [75, 80, 81, 82, 85, 87]
dampened 2: [69, 80, 81, 82, 85, 87]
dir: -6, dif: -6, i: 1, levels: [69, 75, 80, 81, 82, 85, 87]
dampened 1: [8, 13, 16, 13]
dampened 2: [3, 13, 16, 13]
dir: -5, dif: -5, i: 1, levels: [3, 8, 13, 16, 13]
dampened 1: [81, 88, 89, 90, 90]
dampened 2: [74, 88, 89, 90, 90]
dir: -7, dif: -7, i: 1, levels: [74, 81, 88, 89, 90, 90]
dampened 1: [40, 41, 43, 50, 54]
dampened 2: [35, 41, 43, 50, 54]
dir: -5, dif: -5, i: 1, levels: [35, 40, 41, 43, 50, 54]
dampened 1: [55, 58, 63, 66, 69, 75]
dampened 2: [50, 58, 63, 66, 69, 75]
dir: -5, dif: -5, i: 1, levels: [50, 55, 58, 63, 66, 69, 75]
dampened 1: [43, 44, 42, 45]
dampened 2: [43, 41, 42, 45]
dir: 2, dif: -3, i: 2, levels: [43, 41, 44, 42, 45]
dampened 1: [48, 47, 45, 46, 44, 41, 41]
dampened 2: [48, 47, 45, 44, 44, 41, 41]
dir: 1, dif: -2, i: 4, levels: [48, 47, 45, 44, 46, 44, 41, 41]
dampened 1: [81, 81, 78, 75, 70]
dampened 2: [81, 78, 78, 75, 70]
dir: 3, dif: -3, i: 2, levels: [81, 78, 81, 78, 75, 70]
dampened 1: [69, 67, 66, 65, 68]
dampened 2: [69, 67, 66, 65, 68]
dir: 2, dif: 0, i: 3, levels: [69, 67, 66, 66, 65, 68]
dampened 1: [70, 67, 66, 66]
dampened 2: [70, 67, 66, 66]
dir: 3, dif: 0, i: 2, levels: [70, 67, 67, 66, 66]
dampened 1: [89, 88, 87, 85, 84, 83, 79]
dampened 2: [89, 88, 87, 85, 84, 83, 79]
dir: 1, dif: 0, i: 5, levels: [89, 88, 87, 85, 84, 84, 83, 79]
dampened 1: [87, 84, 83, 81, 74]
dampened 2: [87, 84, 83, 81, 74]
dir: 3, dif: 0, i: 2, levels: [87, 84, 84, 83, 81, 74]
dampened 1: [15, 14, 7, 4, 3, 2]
dampened 2: [15, 14, 11, 4, 3, 2]
dir: 1, dif: 4, i: 3, levels: [15, 14, 11, 7, 4, 3, 2]
dampened 1: [26, 19, 17, 20]
dampened 2: [26, 23, 17, 20]
dir: 3, dif: 4, i: 2, levels: [26, 23, 19, 17, 20]
dampened 1: [72, 70, 64, 63, 63]
dampened 2: [72, 70, 68, 63, 63]
dir: 2, dif: 4, i: 3, levels: [72, 70, 68, 64, 63, 63]
dampened 1: [46, 45, 43, 37, 35, 31]
dampened 2: [46, 45, 43, 41, 35, 31]
dir: 1, dif: 4, i: 4, levels: [46, 45, 43, 41, 37, 35, 31]
dampened 1: [27, 26, 25, 20, 18, 17, 10]
dampened 2: [27, 26, 25, 24, 18, 17, 10]
dir: 1, dif: 4, i: 4, levels: [27, 26, 25, 24, 20, 18, 17, 10]
dampened 1: [42, 40, 32, 30, 29, 26, 25]
dampened 2: [42, 40, 37, 30, 29, 26, 25]
dir: 2, dif: 5, i: 3, levels: [42, 40, 37, 32, 30, 29, 26, 25]
dampened 1: [91, 89, 87, 80, 78, 75, 77]
dampened 2: [91, 89, 87, 85, 78, 75, 77]
dir: 2, dif: 5, i: 4, levels: [91, 89, 87, 85, 80, 78, 75, 77]
dampened 1: [83, 81, 79, 77, 70, 70]
dampened 2: [83, 81, 79, 77, 76, 70]
dir: 2, dif: 6, i: 5, levels: [83, 81, 79, 77, 76, 70, 70]
dampened 1: [95, 94, 93, 90, 89, 80, 76]
dampened 2: [95, 94, 93, 90, 89, 86, 76]
dir: 1, dif: 6, i: 6, levels: [95, 94, 93, 90, 89, 86, 80, 76]
dampened 1: [49, 39, 36, 34, 31, 29, 22]
dampened 2: [49, 46, 36, 34, 31, 29, 22]
dir: 3, dif: 7, i: 2, levels: [49, 46, 39, 36, 34, 31, 29, 22]
dampened 1: [88, 88, 86, 84, 87]
dampened 2: [88, 91, 86, 84, 87]
dir: -3, dif: 3, i: 2, levels: [88, 91, 88, 86, 84, 87]
dampened 1: [82, 83, 80, 77, 74, 73, 73]
dampened 2: [82, 84, 80, 77, 74, 73, 73]
dir: -2, dif: 1, i: 2, levels: [82, 84, 83, 80, 77, 74, 73, 73]
dampened 1: [22, 24, 21, 17]
dampened 2: [22, 25, 21, 17]
dir: -3, dif: 1, i: 2, levels: [22, 25, 24, 21, 17]
dampened 1: [17, 19, 16, 10]
dampened 2: [17, 20, 16, 10]
dir: -3, dif: 1, i: 2, levels: [17, 20, 19, 16, 10]
dampened 1: [4, 3, 2, 5, 4, 2]
dampened 2: [4, 5, 2, 5, 4, 2]
dir: -1, dif: 2, i: 2, levels: [4, 5, 3, 2, 5, 4, 2]
dampened 1: [52, 52, 49, 47, 44, 47, 47]
dampened 2: [52, 54, 49, 47, 44, 47, 47]
dir: -2, dif: 2, i: 2, levels: [52, 54, 52, 49, 47, 44, 47, 47]
dampened 1: [45, 46, 47, 43]
dampened 2: [45, 48, 47, 43]
dir: -3, dif: 2, i: 2, levels: [45, 48, 46, 47, 43]
dampened 1: [84, 86, 86, 83, 80, 77, 72]
dampened 2: [84, 86, 88, 83, 80, 77, 72]
dir: -2, dif: 2, i: 3, levels: [84, 86, 88, 86, 83, 80, 77, 72]
dampened 1: [9, 8, 8, 5]
dampened 2: [9, 11, 8, 5]
dir: -2, dif: 3, i: 2, levels: [9, 11, 8, 8, 5]
dampened 1: [39, 37, 36, 34, 34, 33, 35]
dampened 2: [39, 40, 36, 34, 34, 33, 35]
dir: -1, dif: 3, i: 2, levels: [39, 40, 37, 36, 34, 34, 33, 35]
dampened 1: [45, 44, 44, 44]
dampened 2: [45, 47, 44, 44]
dir: -2, dif: 3, i: 2, levels: [45, 47, 44, 44, 44]
dampened 1: [38, 39, 38, 34]
dampened 2: [38, 39, 38, 34]
dir: -1, dif: 0, i: 2, levels: [38, 39, 39, 38, 34]
dampened 1: [70, 69, 69, 64]
dampened 2: [70, 71, 69, 64]
dir: -1, dif: 2, i: 2, levels: [70, 71, 69, 69, 64]
dampened 1: [27, 25, 23, 21, 19, 22]
dampened 2: [27, 29, 23, 21, 19, 22]
dir: -2, dif: 4, i: 2, levels: [27, 29, 25, 23, 21, 19, 22]
dampened 1: [15, 13, 11, 10, 7, 7]
dampened 2: [15, 17, 11, 10, 7, 7]
dir: -2, dif: 4, i: 2, levels: [15, 17, 13, 11, 10, 7, 7]
dampened 1: [96, 96, 92, 89, 86, 82]
dampened 2: [96, 97, 92, 89, 86, 82]
dir: -1, dif: 1, i: 2, levels: [96, 97, 96, 92, 89, 86, 82]
dampened 1: [62, 63, 59, 58, 55, 49]
dampened 2: [62, 64, 59, 58, 55, 49]
dir: -2, dif: 1, i: 2, levels: [62, 64, 63, 59, 58, 55, 49]
dampened 1: [53, 47, 44, 42, 40, 37, 36]
dampened 2: [53, 54, 44, 42, 40, 37, 36]
dir: -1, dif: 7, i: 2, levels: [53, 54, 47, 44, 42, 40, 37, 36]
dampened 1: [82, 79, 77, 79]
dampened 2: [82, 84, 77, 79]
dir: -2, dif: 5, i: 2, levels: [82, 84, 79, 77, 79]
dampened 1: [30, 30, 25, 24, 22, 22]
dampened 2: [30, 32, 25, 24, 22, 22]
dir: -2, dif: 2, i: 2, levels: [30, 32, 30, 25, 24, 22, 22]
dampened 1: [36, 36, 33, 27, 23]
dampened 2: [36, 37, 33, 27, 23]
dir: -1, dif: 1, i: 2, levels: [36, 37, 36, 33, 27, 23]
dampened 1: [80, 80, 77, 71, 68, 62]
dampened 2: [80, 81, 77, 71, 68, 62]
dir: -1, dif: 1, i: 2, levels: [80, 81, 80, 77, 71, 68, 62]
dampened 1: [48, 45, 42, 40, 38, 40]
dampened 2: [48, 45, 42, 40, 38, 40]
dir: 0, dif: 0, i: 1, levels: [48, 48, 45, 42, 40, 38, 40]
dampened 1: [63, 62, 60, 57, 55, 53, 53]
dampened 2: [63, 62, 60, 57, 55, 53, 53]
dir: 0, dif: 0, i: 1, levels: [63, 63, 62, 60, 57, 55, 53, 53]
dampened 1: [27, 25, 24, 20]
dampened 2: [27, 25, 24, 20]
dir: 0, dif: 0, i: 1, levels: [27, 27, 25, 24, 20]
dampened 1: [28, 25, 23, 18]
dampened 2: [28, 25, 23, 18]
dir: 0, dif: 0, i: 1, levels: [28, 28, 25, 23, 18]
dampened 1: [68, 67, 64, 63, 64, 62, 60]
dampened 2: [68, 67, 64, 63, 64, 62, 60]
dir: 0, dif: 0, i: 1, levels: [68, 68, 67, 64, 63, 64, 62, 60]
dampened 1: [49, 50, 47, 46, 45, 42, 44]
dampened 2: [49, 50, 47, 46, 45, 42, 44]
dir: 0, dif: 0, i: 1, levels: [49, 49, 50, 47, 46, 45, 42, 44]
dampened 1: [39, 40, 38, 38]
dampened 2: [39, 40, 38, 38]
dir: 0, dif: 0, i: 1, levels: [39, 39, 40, 38, 38]
dampened 1: [83, 81, 80, 79, 77, 79, 75]
dampened 2: [83, 81, 80, 79, 77, 79, 75]
dir: 0, dif: 0, i: 1, levels: [83, 83, 81, 80, 79, 77, 79, 75]
dampened 1: [86, 84, 87, 84, 78]
dampened 2: [86, 84, 87, 84, 78]
dir: 0, dif: 0, i: 1, levels: [86, 86, 84, 87, 84, 78]
dampened 1: [99, 99, 98, 95, 92]
dampened 2: [99, 99, 98, 95, 92]
dir: 0, dif: 0, i: 1, levels: [99, 99, 99, 98, 95, 92]
dampened 1: [34, 31, 31, 29, 27, 24, 25]
dampened 2: [34, 31, 31, 29, 27, 24, 25]
dir: 0, dif: 0, i: 1, levels: [34, 34, 31, 31, 29, 27, 24, 25]
dampened 1: [37, 34, 32, 32, 32]
dampened 2: [37, 34, 32, 32, 32]
dir: 0, dif: 0, i: 1, levels: [37, 37, 34, 32, 32, 32]
dampened 1: [16, 13, 12, 9, 9, 5]
dampened 2: [16, 13, 12, 9, 9, 5]
dir: 0, dif: 0, i: 1, levels: [16, 16, 13, 12, 9, 9, 5]
dampened 1: [25, 25, 22, 20, 17, 11]
dampened 2: [25, 25, 22, 20, 17, 11]
dir: 0, dif: 0, i: 1, levels: [25, 25, 25, 22, 20, 17, 11]
dampened 1: [70, 66, 64, 61]
dampened 2: [70, 66, 64, 61]
dir: 0, dif: 0, i: 1, levels: [70, 70, 66, 64, 61]
dampened 1: [71, 68, 65, 62, 58, 59]
dampened 2: [71, 68, 65, 62, 58, 59]
dir: 0, dif: 0, i: 1, levels: [71, 71, 68, 65, 62, 58, 59]
dampened 1: [64, 60, 59, 57, 57]
dampened 2: [64, 60, 59, 57, 57]
dir: 0, dif: 0, i: 1, levels: [64, 64, 60, 59, 57, 57]
dampened 1: [89, 88, 84, 80]
dampened 2: [89, 88, 84, 80]
dir: 0, dif: 0, i: 1, levels: [89, 89, 88, 84, 80]
dampened 1: [83, 79, 78, 73]
dampened 2: [83, 79, 78, 73]
dir: 0, dif: 0, i: 1, levels: [83, 83, 79, 78, 73]
dampened 1: [26, 19, 16, 13, 12]
dampened 2: [26, 19, 16, 13, 12]
dir: 0, dif: 0, i: 1, levels: [26, 26, 19, 16, 13, 12]
dampened 1: [46, 39, 36, 37]
dampened 2: [46, 39, 36, 37]
dir: 0, dif: 0, i: 1, levels: [46, 46, 39, 36, 37]
dampened 1: [52, 50, 47, 40, 37, 37]
dampened 2: [52, 50, 47, 40, 37, 37]
dir: 0, dif: 0, i: 1, levels: [52, 52, 50, 47, 40, 37, 37]
dampened 1: [58, 57, 52, 49, 45]
dampened 2: [58, 57, 52, 49, 45]
dir: 0, dif: 0, i: 1, levels: [58, 58, 57, 52, 49, 45]
dampened 1: [68, 65, 64, 59, 57, 50]
dampened 2: [68, 65, 64, 59, 57, 50]
dir: 0, dif: 0, i: 1, levels: [68, 68, 65, 64, 59, 57, 50]
dampened 1: [17, 16, 15, 13, 10, 8, 10]
dampened 2: [21, 16, 15, 13, 10, 8, 10]
dir: 4, dif: 4, i: 1, levels: [21, 17, 16, 15, 13, 10, 8, 10]
dampened 1: [64, 63, 61, 59, 58, 58]
dampened 2: [68, 63, 61, 59, 58, 58]
dir: 4, dif: 4, i: 1, levels: [68, 64, 63, 61, 59, 58, 58]
dampened 1: [82, 79, 77, 76, 72]
dampened 2: [86, 79, 77, 76, 72]
dir: 4, dif: 4, i: 1, levels: [86, 82, 79, 77, 76, 72]
dampened 1: [45, 44, 42, 41, 36]
dampened 2: [49, 44, 42, 41, 36]
dir: 4, dif: 4, i: 1, levels: [49, 45, 44, 42, 41, 36]
dampened 1: [90, 88, 85, 84, 85, 82, 79]
dampened 2: [94, 88, 85, 84, 85, 82, 79]
dir: 4, dif: 4, i: 1, levels: [94, 90, 88, 85, 84, 85, 82, 79]
dampened 1: [82, 80, 78, 81, 83]
dampened 2: [86, 80, 78, 81, 83]
dir: 4, dif: 4, i: 1, levels: [86, 82, 80, 78, 81, 83]
dampened 1: [45, 46, 45, 43, 43]
dampened 2: [49, 46, 45, 43, 43]
dir: 4, dif: 4, i: 1, levels: [49, 45, 46, 45, 43, 43]
dampened 1: [74, 75, 73, 71, 68, 65, 61]
dampened 2: [78, 75, 73, 71, 68, 65, 61]
dir: 4, dif: 4, i: 1, levels: [78, 74, 75, 73, 71, 68, 65, 61]
dampened 1: [53, 52, 50, 48, 50, 43]
dampened 2: [57, 52, 50, 48, 50, 43]
dir: 4, dif: 4, i: 1, levels: [57, 53, 52, 50, 48, 50, 43]
dampened 1: [74, 72, 69, 69, 67]
dampened 2: [78, 72, 69, 69, 67]
dir: 4, dif: 4, i: 1, levels: [78, 74, 72, 69, 69, 67]
dampened 1: [4, 3, 2, 1, 1, 3]
dampened 2: [8, 3, 2, 1, 1, 3]
dir: 4, dif: 4, i: 1, levels: [8, 4, 3, 2, 1, 1, 3]
dampened 1: [23, 23, 22, 22]
dampened 2: [27, 23, 22, 22]
dir: 4, dif: 4, i: 1, levels: [27, 23, 23, 22, 22]
dampened 1: [23, 23, 21, 20, 16]
dampened 2: [27, 23, 21, 20, 16]
dir: 4, dif: 4, i: 1, levels: [27, 23, 23, 21, 20, 16]
dampened 1: [81, 80, 78, 75, 74, 74, 68]
dampened 2: [85, 80, 78, 75, 74, 74, 68]
dir: 4, dif: 4, i: 1, levels: [85, 81, 80, 78, 75, 74, 74, 68]
dampened 1: [11, 8, 4, 3, 2]
dampened 2: [15, 8, 4, 3, 2]
dir: 4, dif: 4, i: 1, levels: [15, 11, 8, 4, 3, 2]
dampened 1: [64, 62, 60, 56, 55, 53, 55]
dampened 2: [68, 62, 60, 56, 55, 53, 55]
dir: 4, dif: 4, i: 1, levels: [68, 64, 62, 60, 56, 55, 53, 55]
dampened 1: [78, 75, 71, 68, 66, 66]
dampened 2: [82, 75, 71, 68, 66, 66]
dir: 4, dif: 4, i: 1, levels: [82, 78, 75, 71, 68, 66, 66]
dampened 1: [53, 52, 48, 47, 46, 44, 40]
dampened 2: [57, 52, 48, 47, 46, 44, 40]
dir: 4, dif: 4, i: 1, levels: [57, 53, 52, 48, 47, 46, 44, 40]
dampened 1: [34, 30, 29, 24]
dampened 2: [38, 30, 29, 24]
dir: 4, dif: 4, i: 1, levels: [38, 34, 30, 29, 24]
dampened 1: [25, 20, 18, 17, 14]
dampened 2: [29, 20, 18, 17, 14]
dir: 4, dif: 4, i: 1, levels: [29, 25, 20, 18, 17, 14]
dampened 1: [24, 21, 16, 17]
dampened 2: [28, 21, 16, 17]
dir: 4, dif: 4, i: 1, levels: [28, 24, 21, 16, 17]
dampened 1: [90, 83, 81, 79, 77, 77]
dampened 2: [94, 83, 81, 79, 77, 77]
dir: 4, dif: 4, i: 1, levels: [94, 90, 83, 81, 79, 77, 77]
dampened 1: [56, 53, 50, 43, 39]
dampened 2: [60, 53, 50, 43, 39]
dir: 4, dif: 4, i: 1, levels: [60, 56, 53, 50, 43, 39]
dampened 1: [32, 27, 26, 21]
dampened 2: [36, 27, 26, 21]
dir: 4, dif: 4, i: 1, levels: [36, 32, 27, 26, 21]
dampened 1: [9, 8, 6, 5, 3, 2, 5]
dampened 2: [16, 8, 6, 5, 3, 2, 5]
dir: 7, dif: 7, i: 1, levels: [16, 9, 8, 6, 5, 3, 2, 5]
dampened 1: [87, 84, 81, 78, 75, 75]
dampened 2: [92, 84, 81, 78, 75, 75]
dir: 5, dif: 5, i: 1, levels: [92, 87, 84, 81, 78, 75, 75]
dampened 1: [21, 20, 17, 16, 13, 9]
dampened 2: [26, 20, 17, 16, 13, 9]
dir: 5, dif: 5, i: 1, levels: [26, 21, 20, 17, 16, 13, 9]
dampened 1: [26, 23, 22, 21, 18, 17, 10]
dampened 2: [33, 23, 22, 21, 18, 17, 10]
dir: 7, dif: 7, i: 1, levels: [33, 26, 23, 22, 21, 18, 17, 10]
dampened 1: [89, 86, 85, 83, 86, 84]
dampened 2: [95, 86, 85, 83, 86, 84]
dir: 6, dif: 6, i: 1, levels: [95, 89, 86, 85, 83, 86, 84]
dampened 1: [47, 45, 44, 43, 44, 43, 45]
dampened 2: [54, 45, 44, 43, 44, 43, 45]
dir: 7, dif: 7, i: 1, levels: [54, 47, 45, 44, 43, 44, 43, 45]
dampened 1: [15, 12, 9, 10, 8, 8]
dampened 2: [22, 12, 9, 10, 8, 8]
dir: 7, dif: 7, i: 1, levels: [22, 15, 12, 9, 10, 8, 8]
dampened 1: [87, 84, 85, 82, 81, 77]
dampened 2: [92, 84, 85, 82, 81, 77]
dir: 5, dif: 5, i: 1, levels: [92, 87, 84, 85, 82, 81, 77]
dampened 1: [83, 80, 79, 76, 78, 75, 68]
dampened 2: [88, 80, 79, 76, 78, 75, 68]
dir: 5, dif: 5, i: 1, levels: [88, 83, 80, 79, 76, 78, 75, 68]
dampened 1: [15, 15, 13, 11, 9, 8]
dampened 2: [22, 15, 13, 11, 9, 8]
dir: 7, dif: 7, i: 1, levels: [22, 15, 15, 13, 11, 9, 8]
dampened 1: [77, 77, 76, 74, 76]
dampened 2: [82, 77, 76, 74, 76]
dir: 5, dif: 5, i: 1, levels: [82, 77, 77, 76, 74, 76]
dampened 1: [83, 80, 79, 79, 78, 78]
dampened 2: [90, 80, 79, 79, 78, 78]
dir: 7, dif: 7, i: 1, levels: [90, 83, 80, 79, 79, 78, 78]
dampened 1: [64, 62, 60, 59, 59, 55]
dampened 2: [70, 62, 60, 59, 59, 55]
dir: 6, dif: 6, i: 1, levels: [70, 64, 62, 60, 59, 59, 55]
dampened 1: [80, 80, 78, 76, 74, 71, 66]
dampened 2: [87, 80, 78, 76, 74, 71, 66]
dir: 7, dif: 7, i: 1, levels: [87, 80, 80, 78, 76, 74, 71, 66]
dampened 1: [25, 21, 19, 16]
dampened 2: [31, 21, 19, 16]
dir: 6, dif: 6, i: 1, levels: [31, 25, 21, 19, 16]
dampened 1: [85, 82, 81, 79, 78, 74, 75]
dampened 2: [90, 82, 81, 79, 78, 74, 75]
dir: 5, dif: 5, i: 1, levels: [90, 85, 82, 81, 79, 78, 74, 75]
dampened 1: [59, 56, 52, 52]
dampened 2: [64, 56, 52, 52]
dir: 5, dif: 5, i: 1, levels: [64, 59, 56, 52, 52]
dampened 1: [58, 57, 53, 51, 47]
dampened 2: [63, 57, 53, 51, 47]
dir: 5, dif: 5, i: 1, levels: [63, 58, 57, 53, 51, 47]
dampened 1: [57, 53, 51, 50, 47, 45, 38]
dampened 2: [64, 53, 51, 50, 47, 45, 38]
dir: 7, dif: 7, i: 1, levels: [64, 57, 53, 51, 50, 47, 45, 38]
dampened 1: [53, 52, 46, 43]
dampened 2: [60, 52, 46, 43]
dir: 7, dif: 7, i: 1, levels: [60, 53, 52, 46, 43]
dampened 1: [78, 75, 69, 67, 65, 64, 66]
dampened 2: [85, 75, 69, 67, 65, 64, 66]
dir: 7, dif: 7, i: 1, levels: [85, 78, 75, 69, 67, 65, 64, 66]
dampened 1: [29, 22, 20, 20]
dampened 2: [35, 22, 20, 20]
dir: 6, dif: 6, i: 1, levels: [35, 29, 22, 20, 20]
dampened 1: [32, 27, 24, 23, 22, 19, 15]
dampened 2: [37, 27, 24, 23, 22, 19, 15]
dir: 5, dif: 5, i: 1, levels: [37, 32, 27, 24, 23, 22, 19, 15]
dampened 1: [60, 57, 56, 54, 47, 41]
dampened 2: [67, 57, 56, 54, 47, 41]
dir: 7, dif: 7, i: 1, levels: [67, 60, 57, 56, 54, 47, 41]
dampened 1: [14, 15, 12, 12, 8]
dampened 2: [14, 17, 12, 12, 8]
dir: -3, dif: 2, i: 2, levels: [14, 17, 15, 12, 12, 8]
dampened 1: [10, 11, 14, 17, 20, 22, 22]
dampened 2: [10, 11, 14, 17, 20, 22, 22]
dir: 0, dif: 0, i: 1, levels: [10, 10, 11, 14, 17, 20, 22, 22]
dampened 1: [73, 72, 74, 78]
dampened 2: [73, 71, 74, 78]
dir: 2, dif: -1, i: 2, levels: [73, 71, 72, 74, 78]
dampened 1: [54, 58, 60, 62]
dampened 2: [50, 58, 60, 62]
dir: -4, dif: -4, i: 1, levels: [50, 54, 58, 60, 62]
dampened 1: [57, 59, 62, 63, 61]
dampened 2: [57, 59, 62, 63, 61]
dir: -2, dif: 0, i: 3, levels: [57, 59, 62, 62, 63, 61]
dampened 1: [84, 78, 76, 73]
dampened 2: [88, 78, 76, 73]
dir: 4, dif: 4, i: 1, levels: [88, 84, 78, 76, 73]
dampened 1: [49, 45, 44, 43, 39]
dampened 2: [49, 45, 44, 43, 39]
dir: 0, dif: 0, i: 1, levels: [49, 49, 45, 44, 43, 39]
dampened 1: [59, 57, 52, 49]
dampened 2: [59, 57, 56, 49]
dir: 2, dif: 4, i: 3, levels: [59, 57, 56, 52, 49]
dampened 1: [13, 12, 11, 10, 7, 7]
dampened 2: [13, 12, 11, 10, 7, 7]
dir: 1, dif: 0, i: 4, levels: [13, 12, 11, 10, 10, 7, 7]
dampened 1: [90, 89, 88, 87, 88, 88]
dampened 2: [94, 89, 88, 87, 88, 88]
dir: 4, dif: 4, i: 1, levels: [94, 90, 89, 88, 87, 88, 88]
dampened 1: [24, 22, 16, 14, 8]
dampened 2: [24, 22, 16, 14, 8]
dir: 0, dif: 0, i: 1, levels: [24, 24, 22, 16, 14, 8]
dampened 1: [64, 64, 65, 67, 69, 73]
dampened 2: [64, 64, 65, 67, 69, 73]
dir: 0, dif: 0, i: 1, levels: [64, 64, 64, 65, 67, 69, 73]
dampened 1: [58, 60, 61, 62, 64, 64, 68]
dampened 2: [53, 60, 61, 62, 64, 64, 68]
dir: -5, dif: -5, i: 1, levels: [53, 58, 60, 61, 62, 64, 64, 68]
dampened 1: [52, 55, 54, 53]
dampened 2: [52, 55, 57, 53]
dir: -3, dif: 3, i: 3, levels: [52, 55, 57, 54, 53]
dampened 1: [71, 64, 62, 58]
dampened 2: [71, 68, 62, 58]
dir: 3, dif: 4, i: 2, levels: [71, 68, 64, 62, 58]
dampened 1: [68, 70, 71, 71, 74, 75, 79]
dampened 2: [64, 70, 71, 71, 74, 75, 79]
dir: -4, dif: -4, i: 1, levels: [64, 68, 70, 71, 71, 74, 75, 79]
dampened 1: [54, 55, 57, 57]
dampened 2: [54, 55, 57, 57]
dir: -1, dif: 0, i: 2, levels: [54, 55, 55, 57, 57]
dampened 1: [89, 85, 82, 79, 78, 78]
dampened 2: [89, 92, 82, 79, 78, 78]
dir: -3, dif: 7, i: 2, levels: [89, 92, 85, 82, 79, 78, 78]
dampened 1: [81, 83, 84, 90, 91]
dampened 2: [81, 80, 84, 90, 91]
dir: 1, dif: -3, i: 2, levels: [81, 80, 83, 84, 90, 91]
dampened 1: [20, 22, 25, 29, 32, 36]
dampened 2: [14, 22, 25, 29, 32, 36]
dir: -6, dif: -6, i: 1, levels: [14, 20, 22, 25, 29, 32, 36]
dampened 1: [46, 48, 48, 49, 51, 57]
dampened 2: [46, 48, 48, 49, 51, 57]
dir: 0, dif: 0, i: 1, levels: [46, 46, 48, 48, 49, 51, 57]
dampened 1: [14, 13, 9, 7, 5]
dampened 2: [18, 13, 9, 7, 5]
dir: 4, dif: 4, i: 1, levels: [18, 14, 13, 9, 7, 5]
dampened 1: [87, 84, 84, 81, 82]
dampened 2: [92, 84, 84, 81, 82]
dir: 5, dif: 5, i: 1, levels: [92, 87, 84, 84, 81, 82]
dampened 1: [50, 49, 46, 45, 43, 44]
dampened 2: [50, 49, 46, 45, 43, 44]
dir: 1, dif: 0, i: 3, levels: [50, 49, 46, 46, 45, 43, 44]
dampened 1: [49, 51, 54, 56, 63, 63]
dampened 2: [44, 51, 54, 56, 63, 63]
dir: -5, dif: -5, i: 1, levels: [44, 49, 51, 54, 56, 63, 63]
dampened 1: [88, 90, 87, 85, 82, 77]
dampened 2: [88, 90, 87, 85, 82, 77]
dir: -2, dif: 0, i: 2, levels: [88, 90, 90, 87, 85, 82, 77]
dampened 1: [71, 72, 76, 75]
dampened 2: [64, 72, 76, 75]
dir: -7, dif: -7, i: 1, levels: [64, 71, 72, 76, 75]
dampened 1: [97, 97, 95, 97, 95, 94, 90]
dampened 2: [97, 98, 95, 97, 95, 94, 90]
dir: -1, dif: 1, i: 2, levels: [97, 98, 97, 95, 97, 95, 94, 90]
dampened 1: [46, 48, 50, 54, 54]
dampened 2: [46, 45, 50, 54, 54]
dir: 1, dif: -3, i: 2, levels: [46, 45, 48, 50, 54, 54]
dampened 1: [20, 18, 16, 15, 14, 13, 8]
dampened 2: [24, 18, 16, 15, 14, 13, 8]
dir: 4, dif: 4, i: 1, levels: [24, 20, 18, 16, 15, 14, 13, 8]
dampened 1: [53, 56, 58, 55, 58]
dampened 2: [53, 56, 59, 55, 58]
dir: -3, dif: 1, i: 3, levels: [53, 56, 59, 58, 55, 58]
dampened 1: [49, 50, 55, 58]
dampened 2: [49, 50, 55, 58]
dir: 0, dif: 0, i: 1, levels: [49, 49, 50, 55, 58]
dampened 1: [41, 38, 38, 37, 33]
dampened 2: [47, 38, 38, 37, 33]
dir: 6, dif: 6, i: 1, levels: [47, 41, 38, 38, 37, 33]
dampened 1: [64, 65, 67, 70, 67, 70, 70]
dampened 2: [64, 63, 67, 70, 67, 70, 70]
dir: 1, dif: -2, i: 2, levels: [64, 63, 65, 67, 70, 67, 70, 70]
dampened 1: [49, 47, 47, 44, 43, 37]
dampened 2: [53, 47, 47, 44, 43, 37]
dir: 4, dif: 4, i: 1, levels: [53, 49, 47, 47, 44, 43, 37]
dampened 1: [37, 43, 45, 44]
dampened 2: [30, 43, 45, 44]
dir: -7, dif: -7, i: 1, levels: [30, 37, 43, 45, 44]
dampened 1: [48, 47, 45, 41]
dampened 2: [53, 47, 45, 41]
dir: 5, dif: 5, i: 1, levels: [53, 48, 47, 45, 41]
dampened 1: [69, 73, 76, 80]
dampened 2: [65, 73, 76, 80]
dir: -4, dif: -4, i: 1, levels: [65, 69, 73, 76, 80]
dampened 1: [52, 48, 46, 45, 44, 41, 43]
dampened 2: [58, 48, 46, 45, 44, 41, 43]
dir: 6, dif: 6, i: 1, levels: [58, 52, 48, 46, 45, 44, 41, 43]
dampened 1: [9, 7, 10, 15]
dampened 2: [9, 7, 10, 15]
dir: 2, dif: 0, i: 2, levels: [9, 7, 7, 10, 15]
dampened 1: [82, 83, 90, 90]
dampened 2: [82, 83, 90, 90]
dir: 0, dif: 0, i: 1, levels: [82, 82, 83, 90, 90]
dampened 1: [63, 60, 57, 53, 52, 46]
dampened 2: [63, 60, 57, 53, 52, 46]
dir: 0, dif: 0, i: 1, levels: [63, 63, 60, 57, 53, 52, 46]
dampened 1: [27, 25, 24, 20, 19, 12]
dampened 2: [31, 25, 24, 20, 19, 12]
dir: 4, dif: 4, i: 1, levels: [31, 27, 25, 24, 20, 19, 12]
dampened 1: [5, 7, 6, 5, 3, 1]
dampened 2: [5, 4, 6, 5, 3, 1]
dir: 1, dif: -3, i: 2, levels: [5, 4, 7, 6, 5, 3, 1]
dampened 1: [82, 81, 84, 80]
dampened 2: [86, 81, 84, 80]
dir: 4, dif: 4, i: 1, levels: [86, 82, 81, 84, 80]
dampened 1: [81, 79, 76, 75, 73, 69, 67]
dampened 2: [86, 79, 76, 75, 73, 69, 67]
dir: 5, dif: 5, i: 1, levels: [86, 81, 79, 76, 75, 73, 69, 67]
dampened 1: [48, 46, 41, 37]
dampened 2: [52, 46, 41, 37]
dir: 4, dif: 4, i: 1, levels: [52, 48, 46, 41, 37]
dampened 1: [46, 43, 41, 40, 39, 35]
dampened 2: [46, 43, 41, 40, 39, 35]
dir: 0, dif: 0, i: 1, levels: [46, 46, 43, 41, 40, 39, 35]
dampened 1: [49, 50, 51, 59, 64]
dampened 2: [49, 50, 51, 53, 64]
dir: -1, dif: -6, i: 4, levels: [49, 50, 51, 53, 59, 64]
dampened 1: [59, 59, 57, 56]
dampened 2: [59, 62, 57, 56]
dir: -3, dif: 3, i: 2, levels: [59, 62, 59, 57, 56]
dampened 1: [16, 16, 13, 12, 10, 8, 11]
dampened 2: [16, 16, 13, 12, 10, 8, 11]
dir: 0, dif: 0, i: 1, levels: [16, 16, 16, 13, 12, 10, 8, 11]
dampened 1: [28, 24, 22, 20, 17, 13]
dampened 2: [34, 24, 22, 20, 17, 13]
dir: 6, dif: 6, i: 1, levels: [34, 28, 24, 22, 20, 17, 13]
dampened 1: [57, 57, 60, 63, 62]
dampened 2: [57, 57, 60, 63, 62]
dir: 0, dif: 0, i: 1, levels: [57, 57, 57, 60, 63, 62]
dampened 1: [59, 57, 58, 62]
dampened 2: [53, 57, 58, 62]
dir: -6, dif: -6, i: 1, levels: [53, 59, 57, 58, 62]
dampened 1: [29, 27, 25, 18, 16, 9]
dampened 2: [29, 27, 25, 24, 16, 9]
dir: 2, dif: 6, i: 4, levels: [29, 27, 25, 24, 18, 16, 9]
dampened 1: [54, 57, 57, 58, 60, 60]
dampened 2: [50, 57, 57, 58, 60, 60]
dir: -4, dif: -4, i: 1, levels: [50, 54, 57, 57, 58, 60, 60]
dampened 1: [35, 32, 32, 30, 29, 23]
dampened 2: [41, 32, 32, 30, 29, 23]
dir: 6, dif: 6, i: 1, levels: [41, 35, 32, 32, 30, 29, 23]
dampened 1: [66, 68, 62, 59, 56, 52]
dampened 2: [66, 69, 62, 59, 56, 52]
dir: -3, dif: 1, i: 2, levels: [66, 69, 68, 62, 59, 56, 52]
dampened 1: [44, 45, 42, 41, 37]
dampened 2: [49, 45, 42, 41, 37]
dir: 5, dif: 5, i: 1, levels: [49, 44, 45, 42, 41, 37]
dampened 1: [61, 60, 57, 50]
dampened 2: [61, 60, 57, 50]
dir: 0, dif: 0, i: 1, levels: [61, 61, 60, 57, 50]
dampened 1: [3, 2, 9, 11, 11]
dampened 2: [3, 1, 9, 11, 11]
dir: 2, dif: -1, i: 2, levels: [3, 1, 2, 9, 11, 11]
dampened 1: [59, 60, 61, 63, 65, 69]
dampened 2: [59, 60, 61, 63, 65, 69]
dir: -1, dif: 0, i: 4, levels: [59, 60, 61, 63, 63, 65, 69]
dampened 1: [97, 91, 88, 85, 82, 83]
dampened 2: [97, 95, 88, 85, 82, 83]
dir: 2, dif: 4, i: 2, levels: [97, 95, 91, 88, 85, 82, 83]
dampened 1: [11, 13, 20, 21, 22, 24]
dampened 2: [4, 13, 20, 21, 22, 24]
dir: -7, dif: -7, i: 1, levels: [4, 11, 13, 20, 21, 22, 24]
dampened 1: [72, 69, 66, 65, 59]
dampened 2: [72, 74, 66, 65, 59]
dir: -2, dif: 5, i: 2, levels: [72, 74, 69, 66, 65, 59]
dampened 1: [68, 71, 74, 74, 77, 78, 78]
dampened 2: [62, 71, 74, 74, 77, 78, 78]
dir: -6, dif: -6, i: 1, levels: [62, 68, 71, 74, 74, 77, 78, 78]
dampened 1: [65, 62, 61, 63, 61, 54]
dampened 2: [69, 62, 61, 63, 61, 54]
dir: 4, dif: 4, i: 1, levels: [69, 65, 62, 61, 63, 61, 54]
dampened 1: [15, 14, 11, 10, 12, 12]
dampened 2: [15, 17, 11, 10, 12, 12]
dir: -2, dif: 3, i: 2, levels: [15, 17, 14, 11, 10, 12, 12]
dampened 1: [83, 80, 75, 74, 74]
dampened 2: [83, 80, 79, 74, 74]
dir: 3, dif: 4, i: 3, levels: [83, 80, 79, 75, 74, 74]
dampened 1: [70, 69, 63, 61, 62]
dampened 2: [75, 69, 63, 61, 62]
dir: 5, dif: 5, i: 1, levels: [75, 70, 69, 63, 61, 62]
dampened 1: [69, 70, 73, 76, 75, 77, 77]
dampened 2: [65, 70, 73, 76, 75, 77, 77]
dir: -4, dif: -4, i: 1, levels: [65, 69, 70, 73, 76, 75, 77, 77]
dampened 1: [29, 27, 25, 24, 21, 18, 21]
dampened 2: [34, 27, 25, 24, 21, 18, 21]
dir: 5, dif: 5, i: 1, levels: [34, 29, 27, 25, 24, 21, 18, 21]
dampened 1: [6, 7, 9, 12, 16, 20]
dampened 2: [6, 7, 9, 12, 16, 20]
dir: 0, dif: 0, i: 1, levels: [6, 6, 7, 9, 12, 16, 20]
dampened 1: [50, 47, 45, 44, 45, 45]
dampened 2: [50, 47, 45, 44, 45, 45]
dir: 0, dif: 0, i: 1, levels: [50, 50, 47, 45, 44, 45, 45]
dampened 1: [69, 70, 69, 72, 76]
dampened 2: [69, 70, 72, 72, 76]
dir: -1, dif: 3, i: 3, levels: [69, 70, 72, 69, 72, 76]
dampened 1: [80, 78, 74, 73, 72, 71, 71]
dampened 2: [80, 78, 74, 73, 72, 71, 71]
dir: 0, dif: 0, i: 1, levels: [80, 80, 78, 74, 73, 72, 71, 71]
dampened 1: [24, 20, 17, 14, 15]
dampened 2: [28, 20, 17, 14, 15]
dir: 4, dif: 4, i: 1, levels: [28, 24, 20, 17, 14, 15]
dampened 1: [51, 54, 56, 61]
dampened 2: [51, 54, 56, 61]
dir: 0, dif: 0, i: 1, levels: [51, 51, 54, 56, 61]
dampened 1: [34, 33, 33, 32]
dampened 2: [38, 33, 33, 32]
dir: 4, dif: 4, i: 1, levels: [38, 34, 33, 33, 32]
dampened 1: [23, 25, 27, 31, 28]
dampened 2: [23, 25, 27, 31, 28]
dir: 0, dif: 0, i: 1, levels: [23, 23, 25, 27, 31, 28]
dampened 1: [39, 39, 42, 44, 46, 48]
dampened 2: [39, 37, 42, 44, 46, 48]
dir: 2, dif: -2, i: 2, levels: [39, 37, 39, 42, 44, 46, 48]
dampened 1: [62, 63, 63, 65, 67, 69, 67]
dampened 2: [56, 63, 63, 65, 67, 69, 67]
dir: -6, dif: -6, i: 1, levels: [56, 62, 63, 63, 65, 67, 69, 67]
dampened 1: [74, 80, 81, 78]
dampened 2: [74, 80, 81, 78]
dir: 0, dif: 0, i: 1, levels: [74, 74, 80, 81, 78]
dampened 1: [73, 71, 70, 63, 58]
dampened 2: [73, 71, 70, 67, 58]
dir: 2, dif: 4, i: 4, levels: [73, 71, 70, 67, 63, 58]
dampened 1: [36, 38, 40, 43, 50, 56]
dampened 2: [32, 38, 40, 43, 50, 56]
dir: -4, dif: -4, i: 1, levels: [32, 36, 38, 40, 43, 50, 56]
dampened 1: [83, 81, 75, 69]
dampened 2: [87, 81, 75, 69]
dir: 4, dif: 4, i: 1, levels: [87, 83, 81, 75, 69]
dampened 1: [65, 62, 62, 64]
dampened 2: [69, 62, 62, 64]
dir: 4, dif: 4, i: 1, levels: [69, 65, 62, 62, 64]
dampened 1: [85, 88, 93, 98]
dampened 2: [85, 88, 89, 98]
dir: -3, dif: -4, i: 3, levels: [85, 88, 89, 93, 98]
dampened 1: [13, 11, 10, 10]
dampened 2: [20, 11, 10, 10]
dir: 7, dif: 7, i: 1, levels: [20, 13, 11, 10, 10]
dampened 1: [52, 53, 60, 62, 66]
dampened 2: [52, 53, 56, 62, 66]
dir: -1, dif: -4, i: 3, levels: [52, 53, 56, 60, 62, 66]
dampened 1: [58, 59, 62, 62, 65, 67]
dampened 2: [58, 59, 62, 62, 65, 67]
dir: 0, dif: 0, i: 1, levels: [58, 58, 59, 62, 62, 65, 67]
dampened 1: [81, 83, 85, 87, 87]
dampened 2: [75, 83, 85, 87, 87]
dir: -6, dif: -6, i: 1, levels: [75, 81, 83, 85, 87, 87]
dampened 1: [32, 29, 24, 21, 19, 14]
dampened 2: [38, 29, 24, 21, 19, 14]
dir: 6, dif: 6, i: 1, levels: [38, 32, 29, 24, 21, 19, 14]
dampened 1: [89, 82, 80, 79, 77, 75, 78]
dampened 2: [93, 82, 80, 79, 77, 75, 78]
dir: 4, dif: 4, i: 1, levels: [93, 89, 82, 80, 79, 77, 75, 78]
dampened 1: [11, 13, 14, 13, 14, 13]
dampened 2: [11, 13, 14, 13, 14, 13]
dir: 0, dif: 0, i: 1, levels: [11, 11, 13, 14, 13, 14, 13]
dampened 1: [50, 45, 44, 43, 40, 38]
dampened 2: [50, 45, 44, 43, 40, 38]
dir: 0, dif: 0, i: 1, levels: [50, 50, 45, 44, 43, 40, 38]
dampened 1: [82, 79, 76, 72, 72]
dampened 2: [86, 79, 76, 72, 72]
dir: 4, dif: 4, i: 1, levels: [86, 82, 79, 76, 72, 72]
dampened 1: [88, 89, 92, 95, 96, 96, 97]
dampened 2: [81, 89, 92, 95, 96, 96, 97]
dir: -7, dif: -7, i: 1, levels: [81, 88, 89, 92, 95, 96, 96, 97]
dampened 1: [39, 42, 43, 42]
dampened 2: [39, 37, 43, 42]
dir: 2, dif: -5, i: 2, levels: [39, 37, 42, 43, 42]
dampened 1: [22, 24, 21, 17]
dampened 2: [22, 21, 21, 17]
dir: 1, dif: -3, i: 2, levels: [22, 21, 24, 21, 17]
dampened 1: [38, 35, 38, 42]
dampened 2: [38, 35, 38, 42]
dir: 3, dif: 0, i: 2, levels: [38, 35, 35, 38, 42]
dampened 1: [61, 64, 66, 68, 70, 67, 67]
dampened 2: [61, 64, 66, 68, 70, 67, 67]
dir: 0, dif: 0, i: 1, levels: [61, 61, 64, 66, 68, 70, 67, 67]
dampened 1: [92, 90, 88, 90, 89, 88, 89]
dampened 2: [92, 90, 88, 90, 89, 88, 89]
dir: 0, dif: 0, i: 1, levels: [92, 92, 90, 88, 90, 89, 88, 89]
dampened 1: [4, 5, 9, 15]
dampened 2: [4, 5, 9, 15]
dir: 0, dif: 0, i: 1, levels: [4, 4, 5, 9, 15]
dampened 1: [82, 84, 87, 91]
dampened 2: [78, 84, 87, 91]
dir: -4, dif: -4, i: 1, levels: [78, 82, 84, 87, 91]
dampened 1: [63, 62, 61, 59, 57, 54, 50]
dampened 2: [63, 62, 61, 59, 57, 54, 50]
dir: 1, dif: 0, i: 6, levels: [63, 62, 61, 59, 57, 54, 54, 50]
dampened 1: [55, 60, 61, 63, 65, 68]
dampened 2: [51, 60, 61, 63, 65, 68]
dir: -4, dif: -4, i: 1, levels: [51, 55, 60, 61, 63, 65, 68]
dampened 1: [48, 54, 56, 58, 63]
dampened 2: [43, 54, 56, 58, 63]
dir: -5, dif: -5, i: 1, levels: [43, 48, 54, 56, 58, 63]
dampened 1: [47, 53, 54, 54]
dampened 2: [47, 49, 54, 54]
dir: -2, dif: -4, i: 2, levels: [47, 49, 53, 54, 54]
dampened 1: [85, 88, 91, 96]
dampened 2: [81, 88, 91, 96]
dir: -4, dif: -4, i: 1, levels: [81, 85, 88, 91, 96]
dampened 1: [44, 42, 44, 46, 49, 52, 59]
dampened 2: [44, 42, 44, 46, 49, 52, 59]
dir: 0, dif: 0, i: 1, levels: [44, 44, 42, 44, 46, 49, 52, 59]
dampened 1: [84, 85, 83, 80, 78, 81, 80]
dampened 2: [84, 86, 83, 80, 78, 81, 80]
dir: -2, dif: 1, i: 2, levels: [84, 86, 85, 83, 80, 78, 81, 80]
dampened 1: [13, 12, 8, 7]
dampened 2: [13, 12, 8, 7]
dir: 0, dif: 0, i: 1, levels: [13, 13, 12, 8, 7]
dampened 1: [70, 72, 73, 74, 75, 74]
dampened 2: [66, 72, 73, 74, 75, 74]
dir: -4, dif: -4, i: 1, levels: [66, 70, 72, 73, 74, 75, 74]
dampened 1: [85, 86, 83, 79]
dampened 2: [85, 87, 83, 79]
dir: -2, dif: 1, i: 2, levels: [85, 87, 86, 83, 79]
dampened 1: [24, 25, 27, 24, 27, 30, 30]
dampened 2: [19, 25, 27, 24, 27, 30, 30]
dir: -5, dif: -5, i: 1, levels: [19, 24, 25, 27, 24, 27, 30, 30]
dampened 1: [10, 11, 10, 8, 5, 6]
dampened 2: [15, 11, 10, 8, 5, 6]
dir: 5, dif: 5, i: 1, levels: [15, 10, 11, 10, 8, 5, 6]
dampened 1: [85, 91, 94, 97, 94]
dampened 2: [81, 91, 94, 97, 94]
dir: -4, dif: -4, i: 1, levels: [81, 85, 91, 94, 97, 94]
dampened 1: [75, 75, 78, 78, 81, 83, 81]
dampened 2: [75, 72, 78, 78, 81, 83, 81]
dir: 3, dif: -3, i: 2, levels: [75, 72, 75, 78, 78, 81, 83, 81]
dampened 1: [49, 48, 48, 45, 44, 42, 45]
dampened 2: [49, 51, 48, 45, 44, 42, 45]
dir: -2, dif: 3, i: 2, levels: [49, 51, 48, 48, 45, 44, 42, 45]
dampened 1: [59, 60, 60, 62]
dampened 2: [59, 57, 60, 62]
dir: 2, dif: -3, i: 2, levels: [59, 57, 60, 60, 62]
dampened 1: [84, 82, 77, 77]
dampened 2: [91, 82, 77, 77]
dir: 7, dif: 7, i: 1, levels: [91, 84, 82, 77, 77]
dampened 1: [27, 25, 24, 22, 24]
dampened 2: [27, 25, 24, 22, 24]
dir: 0, dif: 0, i: 1, levels: [27, 27, 25, 24, 22, 24]
dampened 1: [52, 51, 49, 49]
dampened 2: [52, 55, 49, 49]
dir: -3, dif: 4, i: 2, levels: [52, 55, 51, 49, 49]
dampened 1: [70, 72, 79, 80, 84]
dampened 2: [70, 72, 79, 80, 84]
dir: 0, dif: 0, i: 1, levels: [70, 70, 72, 79, 80, 84]
dampened 1: [78, 79, 83, 85, 86, 88, 88]
dampened 2: [74, 79, 83, 85, 86, 88, 88]
dir: -4, dif: -4, i: 1, levels: [74, 78, 79, 83, 85, 86, 88, 88]
dampened 1: [43, 41, 40, 39, 41, 39]
dampened 2: [47, 41, 40, 39, 41, 39]
dir: 4, dif: 4, i: 1, levels: [47, 43, 41, 40, 39, 41, 39]
dampened 1: [82, 84, 86, 85, 89]
dampened 2: [82, 81, 86, 85, 89]
dir: 1, dif: -3, i: 2, levels: [82, 81, 84, 86, 85, 89]
dampened 1: [25, 26, 29, 26, 27, 28, 25]
dampened 2: [21, 26, 29, 26, 27, 28, 25]
dir: -4, dif: -4, i: 1, levels: [21, 25, 26, 29, 26, 27, 28, 25]
dampened 1: [36, 35, 33, 30, 28, 22]
dampened 2: [41, 35, 33, 30, 28, 22]
dir: 5, dif: 5, i: 1, levels: [41, 36, 35, 33, 30, 28, 22]
dampened 1: [37, 39, 41, 43, 47]
dampened 2: [37, 39, 41, 43, 47]
dir: 0, dif: 0, i: 1, levels: [37, 37, 39, 41, 43, 47]
dampened 1: [20, 21, 24, 26, 29, 34]
dampened 2: [13, 21, 24, 26, 29, 34]
dir: -7, dif: -7, i: 1, levels: [13, 20, 21, 24, 26, 29, 34]
dampened 1: [38, 36, 35, 30, 26]
dampened 2: [38, 36, 35, 30, 26]
dir: 0, dif: 0, i: 1, levels: [38, 38, 36, 35, 30, 26]
dampened 1: [18, 19, 20, 20, 27]
dampened 2: [14, 19, 20, 20, 27]
dir: -4, dif: -4, i: 1, levels: [14, 18, 19, 20, 20, 27]
dampened 1: [81, 78, 74, 70]
dampened 2: [85, 78, 74, 70]
dir: 4, dif: 4, i: 1, levels: [85, 81, 78, 74, 70]
dampened 1: [17, 16, 15, 16, 18]
dampened 2: [17, 15, 15, 16, 18]
dir: 2, dif: -1, i: 2, levels: [17, 15, 16, 15, 16, 18]
dampened 1: [96, 95, 94, 93, 91, 88, 81]
dampened 2: [96, 99, 94, 93, 91, 88, 81]
dir: -3, dif: 4, i: 2, levels: [96, 99, 95, 94, 93, 91, 88, 81]
dampened 1: [79, 80, 82, 85, 83, 89]
dampened 2: [74, 80, 82, 85, 83, 89]
dir: -5, dif: -5, i: 1, levels: [74, 79, 80, 82, 85, 83, 89]
dampened 1: [41, 39, 44, 46, 51]
dampened 2: [41, 38, 44, 46, 51]
dir: 3, dif: -1, i: 2, levels: [41, 38, 39, 44, 46, 51]
dampened 1: [19, 13, 11, 9, 9]
dampened 2: [23, 13, 11, 9, 9]
dir: 4, dif: 4, i: 1, levels: [23, 19, 13, 11, 9, 9]
dampened 1: [79, 80, 81, 78, 80, 82, 80]
dampened 2: [72, 80, 81, 78, 80, 82, 80]
dir: -7, dif: -7, i: 1, levels: [72, 79, 80, 81, 78, 80, 82, 80]
dampened 1: [93, 95, 98, 96, 97, 99]
dampened 2: [93, 95, 98, 96, 97, 99]
dir: 0, dif: 0, i: 1, levels: [93, 93, 95, 98, 96, 97, 99]
dampened 1: [23, 22, 20, 19, 16, 16]
dampened 2: [27, 22, 20, 19, 16, 16]
dir: 4, dif: 4, i: 1, levels: [27, 23, 22, 20, 19, 16, 16]
dampened 1: [83, 85, 88, 90, 92, 89]
dampened 2: [83, 85, 88, 90, 92, 89]
dir: 0, dif: 0, i: 1, levels: [83, 83, 85, 88, 90, 92, 89]
dampened 1: [58, 55, 52, 42, 42]
dampened 2: [58, 55, 52, 49, 42]
dir: 3, dif: 7, i: 4, levels: [58, 55, 52, 49, 42, 42]
dampened 1: [39, 37, 37, 35, 34, 31]
dampened 2: [45, 37, 37, 35, 34, 31]
dir: 6, dif: 6, i: 1, levels: [45, 39, 37, 37, 35, 34, 31]
dampened 1: [44, 47, 45, 46]
dampened 2: [40, 47, 45, 46]
dir: -4, dif: -4, i: 1, levels: [40, 44, 47, 45, 46]
dampened 1: [3, 4, 1, 5]
dampened 2: [3, 4, 1, 5]
dir: 0, dif: 0, i: 1, levels: [3, 3, 4, 1, 5]
dampened 1: [43, 42, 41, 40, 39, 36, 37]
dampened 2: [43, 40, 41, 40, 39, 36, 37]
dir: 3, dif: -2, i: 2, levels: [43, 40, 42, 41, 40, 39, 36, 37]
dampened 1: [25, 24, 25, 28, 25, 23]
dampened 2: [25, 23, 25, 28, 25, 23]
dir: 2, dif: -1, i: 2, levels: [25, 23, 24, 25, 28, 25, 23]
dampened 1: [89, 88, 84, 82, 80, 79, 79]
dampened 2: [94, 88, 84, 82, 80, 79, 79]
dir: 5, dif: 5, i: 1, levels: [94, 89, 88, 84, 82, 80, 79, 79]
dampened 1: [72, 75, 74, 75]
dampened 2: [76, 75, 74, 75]
dir: 4, dif: 4, i: 1, levels: [76, 72, 75, 74, 75]
dampened 1: [17, 20, 18, 21, 24, 27, 28]
dampened 2: [17, 20, 21, 21, 24, 27, 28]
dir: -3, dif: 3, i: 3, levels: [17, 20, 21, 18, 21, 24, 27, 28]
dampened 1: [55, 54, 51, 50, 46]
dampened 2: [59, 54, 51, 50, 46]
dir: 4, dif: 4, i: 1, levels: [59, 55, 54, 51, 50, 46]
dampened 1: [11, 10, 8, 8, 5, 4, 3]
dampened 2: [11, 10, 8, 8, 5, 4, 3]
dir: 0, dif: 0, i: 1, levels: [11, 11, 10, 8, 8, 5, 4, 3]
dampened 1: [19, 21, 24, 26, 27, 28, 28]
dampened 2: [15, 21, 24, 26, 27, 28, 28]
dir: -4, dif: -4, i: 1, levels: [15, 19, 21, 24, 26, 27, 28, 28]
dampened 1: [18, 20, 24, 26, 27, 27]
dampened 2: [11, 20, 24, 26, 27, 27]
dir: -7, dif: -7, i: 1, levels: [11, 18, 20, 24, 26, 27, 27]
dampened 1: [58, 58, 61, 63, 64, 66, 73]
dampened 2: [58, 56, 61, 63, 64, 66, 73]
dir: 2, dif: -2, i: 2, levels: [58, 56, 58, 61, 63, 64, 66, 73]
dampened 1: [68, 68, 69, 72, 76, 77, 79]
dampened 2: [68, 67, 69, 72, 76, 77, 79]
dir: 1, dif: -1, i: 2, levels: [68, 67, 68, 69, 72, 76, 77, 79]
dampened 1: [9, 12, 16, 19]
dampened 2: [2, 12, 16, 19]
dir: -7, dif: -7, i: 1, levels: [2, 9, 12, 16, 19]
dampened 1: [38, 37, 37, 32]
dampened 2: [38, 37, 37, 32]
dir: 0, dif: 0, i: 1, levels: [38, 38, 37, 37, 32]
dampened 1: [28, 31, 30, 23]
dampened 2: [28, 31, 30, 23]
dir: 0, dif: 0, i: 1, levels: [28, 28, 31, 30, 23]
dampened 1: [7, 8, 11, 12, 15, 19]
dampened 2: [1, 8, 11, 12, 15, 19]
dir: -6, dif: -6, i: 1, levels: [1, 7, 8, 11, 12, 15, 19]
dampened 1: [40, 41, 43, 47, 54]
dampened 2: [40, 39, 43, 47, 54]
dir: 1, dif: -2, i: 2, levels: [40, 39, 41, 43, 47, 54]
dampened 1: [65, 62, 60, 53, 49]
dampened 2: [72, 62, 60, 53, 49]
dir: 7, dif: 7, i: 1, levels: [72, 65, 62, 60, 53, 49]
dampened 1: [98, 97, 93, 91, 87]
dampened 2: [98, 99, 93, 91, 87]
dir: -1, dif: 2, i: 2, levels: [98, 99, 97, 93, 91, 87]
dampened 1: [56, 58, 56, 54, 47]
dampened 2: [56, 59, 56, 54, 47]
dir: -3, dif: 1, i: 2, levels: [56, 59, 58, 56, 54, 47]
dampened 1: [19, 15, 12, 9, 11]
dampened 2: [19, 15, 12, 9, 11]
dir: 0, dif: 0, i: 1, levels: [19, 19, 15, 12, 9, 11]
dampened 1: [36, 36, 39, 40, 47]
dampened 2: [36, 38, 39, 40, 47]
dir: -2, dif: 2, i: 2, levels: [36, 38, 36, 39, 40, 47]
dampened 1: [62, 64, 67, 70, 72, 70]
dampened 2: [55, 64, 67, 70, 72, 70]
dir: -7, dif: -7, i: 1, levels: [55, 62, 64, 67, 70, 72, 70]
dampened 1: [19, 20, 18, 19]
dampened 2: [19, 21, 18, 19]
dir: -2, dif: 1, i: 2, levels: [19, 21, 20, 18, 19]
dampened 1: [78, 81, 86, 87, 90, 93, 96]
dampened 2: [78, 81, 82, 87, 90, 93, 96]
dir: -3, dif: -4, i: 3, levels: [78, 81, 82, 86, 87, 90, 93, 96]
dampened 1: [30, 31, 32, 35, 34]
dampened 2: [30, 28, 32, 35, 34]
dir: 2, dif: -3, i: 2, levels: [30, 28, 31, 32, 35, 34]
dampened 1: [42, 40, 32, 30, 29, 27, 26]
dampened 2: [42, 40, 37, 30, 29, 27, 26]
dir: 2, dif: 5, i: 3, levels: [42, 40, 37, 32, 30, 29, 27, 26]
dampened 1: [78, 81, 82, 85, 85, 85]
dampened 2: [78, 81, 82, 85, 85, 85]
dir: 0, dif: 0, i: 1, levels: [78, 78, 81, 82, 85, 85, 85]
dampened 1: [72, 74, 75, 78, 80, 82, 87]
dampened 2: [72, 74, 75, 78, 80, 82, 87]
dir: -2, dif: 0, i: 4, levels: [72, 74, 75, 78, 78, 80, 82, 87]
dampened 1: [14, 11, 8, 9, 6]
dampened 2: [14, 11, 8, 9, 6]
dir: 0, dif: 0, i: 1, levels: [14, 14, 11, 8, 9, 6]
dampened 1: [5, 6, 7, 10, 14, 16, 14]
dampened 2: [1, 6, 7, 10, 14, 16, 14]
dir: -4, dif: -4, i: 1, levels: [1, 5, 6, 7, 10, 14, 16, 14]
dampened 1: [51, 54, 54, 57, 54]
dampened 2: [47, 54, 54, 57, 54]
dir: -4, dif: -4, i: 1, levels: [47, 51, 54, 54, 57, 54]
dampened 1: [3, 3, 2, 2]
dampened 2: [3, 3, 2, 2]
dir: 0, dif: 0, i: 1, levels: [3, 3, 3, 2, 2]
dampened 1: [34, 35, 39, 44]
dampened 2: [28, 35, 39, 44]
dir: -6, dif: -6, i: 1, levels: [28, 34, 35, 39, 44]
dampened 1: [25, 28, 33, 39]
dampened 2: [25, 28, 33, 39]
dir: 0, dif: 0, i: 1, levels: [25, 25, 28, 33, 39]
dampened 1: [82, 82, 81, 78, 78]
dampened 2: [82, 85, 81, 78, 78]
dir: -3, dif: 3, i: 2, levels: [82, 85, 82, 81, 78, 78]
dampened 1: [87, 90, 91, 93, 93, 96, 97]
dampened 2: [83, 90, 91, 93, 93, 96, 97]
dir: -4, dif: -4, i: 1, levels: [83, 87, 90, 91, 93, 93, 96, 97]
dampened 1: [80, 78, 74, 76]
dampened 2: [80, 81, 74, 76]
dir: -1, dif: 3, i: 2, levels: [80, 81, 78, 74, 76]
dampened 1: [31, 31, 28, 26, 23, 19]
dampened 2: [31, 31, 28, 26, 23, 19]
dir: 0, dif: 0, i: 1, levels: [31, 31, 31, 28, 26, 23, 19]
dampened 1: [45, 48, 51, 54, 60, 64]
dampened 2: [39, 48, 51, 54, 60, 64]
dir: -6, dif: -6, i: 1, levels: [39, 45, 48, 51, 54, 60, 64]
dampened 1: [73, 73, 73, 72, 69]
dampened 2: [73, 76, 73, 72, 69]
dir: -3, dif: 3, i: 2, levels: [73, 76, 73, 73, 72, 69]
dampened 1: [59, 63, 66, 69, 70, 72, 79]
dampened 2: [55, 63, 66, 69, 70, 72, 79]
dir: -4, dif: -4, i: 1, levels: [55, 59, 63, 66, 69, 70, 72, 79]
dampened 1: [68, 65, 64, 62, 62, 62]
dampened 2: [72, 65, 64, 62, 62, 62]
dir: 4, dif: 4, i: 1, levels: [72, 68, 65, 64, 62, 62, 62]
dampened 1: [49, 44, 41, 41]
dampened 2: [49, 44, 41, 41]
dir: 0, dif: 0, i: 1, levels: [49, 49, 44, 41, 41]
dampened 1: [74, 77, 78, 77, 80, 82, 87]
dampened 2: [70, 77, 78, 77, 80, 82, 87]
dir: -4, dif: -4, i: 1, levels: [70, 74, 77, 78, 77, 80, 82, 87]
dampened 1: [53, 50, 52, 53, 54, 57, 61]
dampened 2: [49, 50, 52, 53, 54, 57, 61]
dir: -4, dif: -4, i: 1, levels: [49, 53, 50, 52, 53, 54, 57, 61]
dampened 1: [93, 91, 88, 90, 89, 84]
dampened 2: [98, 91, 88, 90, 89, 84]
dir: 5, dif: 5, i: 1, levels: [98, 93, 91, 88, 90, 89, 84]
dampened 1: [64, 61, 59, 62]
dampened 2: [64, 66, 59, 62]
dir: -2, dif: 5, i: 2, levels: [64, 66, 61, 59, 62]
dampened 1: [88, 88, 87, 82]
dampened 2: [88, 86, 87, 82]
dir: 2, dif: -2, i: 2, levels: [88, 86, 88, 87, 82]
dampened 1: [53, 54, 55, 57, 57]
dampened 2: [53, 52, 55, 57, 57]
dir: 1, dif: -2, i: 2, levels: [53, 52, 54, 55, 57, 57]
dampened 1: [89, 87, 84, 82, 82, 80, 76]
dampened 2: [93, 87, 84, 82, 82, 80, 76]
dir: 4, dif: 4, i: 1, levels: [93, 89, 87, 84, 82, 82, 80, 76]
dampened 1: [87, 89, 86, 86]
dampened 2: [93, 89, 86, 86]
dir: 6, dif: 6, i: 1, levels: [93, 87, 89, 86, 86]
dampened 1: [9, 10, 11, 14, 13, 15, 15]
dampened 2: [9, 10, 11, 14, 15, 15, 15]
dir: -1, dif: 2, i: 5, levels: [9, 10, 11, 14, 15, 13, 15, 15]
dampened 1: [10, 11, 20, 21, 24, 25, 29]
dampened 2: [10, 11, 13, 21, 24, 25, 29]
dir: -1, dif: -7, i: 3, levels: [10, 11, 13, 20, 21, 24, 25, 29]
dampened 1: [71, 79, 80, 80]
dampened 2: [71, 74, 80, 80]
dir: -3, dif: -5, i: 2, levels: [71, 74, 79, 80, 80]
dampened 1: [43, 46, 47, 48, 55, 55]
dampened 2: [39, 46, 47, 48, 55, 55]
dir: -4, dif: -4, i: 1, levels: [39, 43, 46, 47, 48, 55, 55]
dampened 1: [81, 78, 77, 76, 73, 75]
dampened 2: [85, 78, 77, 76, 73, 75]
dir: 4, dif: 4, i: 1, levels: [85, 81, 78, 77, 76, 73, 75]
dampened 1: [73, 76, 77, 78, 78, 85]
dampened 2: [66, 76, 77, 78, 78, 85]
dir: -7, dif: -7, i: 1, levels: [66, 73, 76, 77, 78, 78, 85]
dampened 1: [80, 79, 77, 79, 85]
dampened 2: [80, 78, 77, 79, 85]
dir: 2, dif: -1, i: 2, levels: [80, 78, 79, 77, 79, 85]
dampened 1: [33, 33, 31, 27, 26]
dampened 2: [33, 34, 31, 27, 26]
dir: -1, dif: 1, i: 2, levels: [33, 34, 33, 31, 27, 26]
dampened 1: [69, 69, 73, 75, 77, 76]
dampened 2: [69, 66, 73, 75, 77, 76]
dir: 3, dif: -3, i: 2, levels: [69, 66, 69, 73, 75, 77, 76]
dampened 1: [30, 27, 25, 23, 23, 23]
dampened 2: [36, 27, 25, 23, 23, 23]
dir: 6, dif: 6, i: 1, levels: [36, 30, 27, 25, 23, 23, 23]
dampened 1: [23, 23, 20, 19, 20, 17, 11]
dampened 2: [23, 25, 20, 19, 20, 17, 11]
dir: -2, dif: 2, i: 2, levels: [23, 25, 23, 20, 19, 20, 17, 11]
dampened 1: [24, 25, 29, 30, 32, 34, 35]
dampened 2: [24, 25, 29, 30, 32, 34, 35]
dir: 0, dif: 0, i: 1, levels: [24, 24, 25, 29, 30, 32, 34, 35]
dampened 1: [76, 77, 80, 83, 92, 94]
dampened 2: [76, 77, 80, 83, 86, 94]
dir: -1, dif: -6, i: 5, levels: [76, 77, 80, 83, 86, 92, 94]
dampened 1: [62, 60, 58, 55, 53, 51, 45]
dampened 2: [62, 60, 58, 55, 53, 51, 45]
dir: 2, dif: 0, i: 5, levels: [62, 60, 58, 55, 53, 53, 51, 45]
dampened 1: [14, 13, 12, 10, 10, 7, 7]
dampened 2: [14, 16, 12, 10, 10, 7, 7]
dir: -2, dif: 3, i: 2, levels: [14, 16, 13, 12, 10, 10, 7, 7]
dampened 1: [74, 73, 70, 69, 66, 63, 63]
dampened 2: [74, 73, 70, 69, 66, 63, 63]
dir: 0, dif: 0, i: 1, levels: [74, 74, 73, 70, 69, 66, 63, 63]
day 02 part 2: 333
Took: 10.5681 ms
Total runtime: 10.5681 ms
